618797.5625 7
542864.875 7
557668.4375 7
502504.1875 13
387209.1875 13
365010.65625 13
320115.0625 13
359740.375 13
368590.90625 19
365188 19
353877.625 19
327242.71875 19
287701.40625 19
318384.5 25
3548056.5 25
288416.75 25
253869.3125 25
218238.546875 25
190614.53125 31
190113.859375 31
189699.484375 31
187242.21875 31
173890.890625 31
185475.390625 37
573654.875 37
554248.3125 37
549770.6875 37
165679.1875 37
172812.96875 43
364269.28125 43
350918.90625 43
171949.3125 43
168897.140625 43
172176.296875 49
312049.71875 49
71482.046875 49
18895.240234375 55
64022.71875 61
18151.4765625 67
23984.37890625 68
66157.7421875 75
33352.86328125 82
22621.580078125 83
41470.78125 86
63155.90625 89
18153.59765625 90
22993.865234375 97
35729.47265625 101
14352.76953125 101
76040.125 103
16649.283203125 105
6842.4150390625 112
6662.55078125 112
15393.3505859375 114
7304.23828125 112
40939.1015625 112
71316.71875 116
18634.853515625 117
6009.46240234375 117
49729.6328125 123
44500.02734375 123
23542.177734375 123
42868.95703125 123
19230.17578125 123
90028.4765625 124
89700.1484375 130
87239.046875 130
85775.4140625 130
70545.6953125 130
64877.15625 130
81476.4296875 136
70602.2578125 136
67915.765625 136
113863.78125 136
66281.9140625 136
189982.1875 142
151177.40625 142
145154.9375 142
98780.09375 142
125305.8046875 142
138750.359375 148
129858.4765625 148
120781.90625 148
103315.796875 148
294143.21875 154
292683.03125 154
252246.578125 154
242289.046875 154
39334.7265625 154
78679.421875 154
256349.109375 160
194814.109375 160
193881.984375 160
192675.53125 166
45923.7109375 160
170373.078125 166
165147.53125 166
164605.21875 166
293020.90625 172
123829.46875 166
207625.734375 172
3536425.5 172
1581928 172
81310.421875 172
178125.328125 172
134957.421875 178
130978.21875 178
127375.6953125 178
85511.703125 178
83098.3203125 178
126974.5859375 184
1012311.875 184
134867.890625 184
98676.7421875 184
147326.90625 190
147111.40625 190
255515.375 190
124257.8515625 190
242863.796875 196
81962.734375 196
79139.0390625 196
239162.84375 196
72078.359375 196
275254.625 202
60951.00390625 196
88134.2578125 202
84400.8203125 202
84135.1953125 202
697719 208
66065.1796875 202
143047.671875 213
143402.671875 214
592061.625 214
131141.75 218
81146.8359375 218
167789.359375 222
106736.3984375 222
93349.234375 223
137392.828125 222
99515.8359375 219
334495.28125 227
110223.3359375 227
91367.796875 227
621088.875 227
86533.9375 233
326954 234
113814.1875 234
96866.296875 233
103367.5625 234
78317.8984375 233
84356.203125 233
98058.2578125 240
76097.96875 240
80106.0703125 240
106422.90625 246
145623.078125 247
88294.5234375 247
85942.921875 247
371839.21875 246
76615.3828125 247
82972.1328125 253
126532.0390625 253
84422.96875 253
106464.890625 257
98428.8671875 257
92965.296875 257
244755.828125 257
229802.421875 257
524754.875 263
70741.375 257
111493.5390625 263
266334.125 263
191125.21875 263
168976.734375 269
150707.765625 269
141254.015625 269
85313.328125 269
81114.3125 269
201174.984375 275
37368.53125 269
69172.09375 275
185624.96875 275
68928.6328125 275
55312.359375 275
67376.3125 275
81338.3359375 281
173215.984375 281
77147.15625 281
184307.96875 287
57347.05859375 281
109822.6796875 287
134759.046875 287
121819.2578125 287
3573941.25 287
32523.74609375 287
67035.9140625 293
552199 293
63426.1484375 293
42421.203125 293
109969.7265625 299
50429.53515625 299
69779.640625 299
249729.90625 299
179496.171875 299
131876.484375 299
130007.828125 305
122313.1640625 305
8609761 305
61988.33203125 305
182699.96875 305
56883.15234375 311
242186.921875 311
183857.875 311
43754.671875 311
62684.875 317
61160.06640625 317
56587.43359375 317
56160.65234375 317
146075.546875 323
94568 323
58711.33984375 323
322634.09375 323
309984.78125 323
73743.796875 329
208309.5 323
70717.078125 329
71322.1796875 329
66422.7890625 329
45292744 329
1375266 329
159008.484375 335
338512.125 335
918179.6875 335
286219.84375 335
135281.53125 335
165788.515625 341
3099697.75 341
440995.34375 341
107082.46875 341
111459.171875 341
99747.203125 347
629542.1875 347
175839 347
84230.8046875 347
20997.896484375 347
103062.2890625 353
165811.546875 353
90188.3671875 353
59312.078125 353
80367.625 353
68126.015625 359
877382.3125 359
394497.59375 359
51324.57421875 359
62799.0625 359
111107.0078125 365
2728470 365
1032968.1875 365
353214.28125 365
101116.1640625 365
158805.953125 371
1212313.25 371
822117.5 371
357274.875 371
157472.5625 371
291119.09375 377
1702013.375 377
1414498.25 377
944772 377
269141.1875 377
260362.765625 383
1239390 383
2342244.25 383
677597.5 383
615412.25 383
257812.96875 389
800706.125 389
282215.34375 389
204017.4375 389
137446.5625 389
248742.328125 395
1130161.375 395
499942.96875 395
149382.21875 395
189214.453125 395
210140.640625 401
36318160 401
791578.375 401
292441.6875 401
437757.65625 401
221727.640625 407
6609973 407
4859067.5 407
751626.75 407
105256.8671875 407
214665.1875 413
427476.9375 413
340990.25 413
105228.8984375 413
266496.09375 413
218622.328125 419
877191.6875 419
752447.9375 419
720929.375 419
678875.375 419
274990 425
637987.6875 425
387179.34375 425
377888.96875 425
279730.8125 425
245332.484375 431
44928504 431
257566.265625 431
229615.65625 431
87198.9921875 431
170345.5625 437
5643758.5 437
521350.75 437
361461.75 437
104701.5859375 437
109086.5703125 443
2093913.25 443
381637.9375 443
378877.09375 443
259635.921875 443
194306.625 449
1356497.875 449
782801.625 449
390729.3125 449
267915.75 449
211106.59375 455
823099.375 455
565950.125 455
218703.375 455
212254.65625 455
120403.515625 461
19830072 461
708981.4375 461
170477.796875 461
223453.921875 461
151171.953125 467
2613099.5 467
211349.03125 467
132278.234375 467
84769.125 467
117800.7265625 473
1296769.75 473
362983.5625 473
80315.7109375 473
97252.3359375 473
135818.203125 479
503607.8125 479
124122.109375 479
102911.9921875 479
67505.6015625 479
113131.2421875 485
733702.3125 485
665523.75 485
598807.625 485
440037.71875 485
103407.9140625 491
16236537 491
473638.46875 491
199952.5625 491
77157.1640625 491
134066.015625 497
2828994.75 497
1249047.5 497
567092.4375 497
199821 497
1200188.625 503
794791.5625 503
366826.90625 503
126113.6328125 503
150884.984375 503
141869.46875 509
308267.1875 509
262842.65625 509
98434.9453125 509
97789.25 509
176976.265625 515
1776465.75 515
343240.0625 515
130523.6484375 515
66737.0078125 515
159331.96875 521
15453839 521
609988.5625 521
405445.9375 521
487332.96875 521
230583.96875 527
2119658.5 527
221996.34375 527
123622.890625 527
175445.40625 527
230607.578125 533
5523436 533
2301047.5 533
1535686.75 533
411089.8125 533
241124.46875 539
1229384.375 539
371036.5625 539
106742.71875 539
81145.3984375 539
2425902 545
1221456.125 545
671735.875 545
644996.625 545
635114.4375 545
480747.8125 551
7086324.5 551
2379121.75 551
2030654.875 551
505638.6875 551
557558.625 557
1618758.125 557
1011008.6875 557
470823.40625 557
404444.96875 557
448123.125 563
2760968.25 563
446666.625 563
335668.5625 563
422249 563
442660.21875 569
14461697 569
5725824 569
416143.125 569
642200.125 569
368658.15625 575
1222950.875 575
1129603.75 575
678870.8125 575
566410.1875 575
347201.15625 581
6835554 581
871260.5625 581
340386.125 581
258335.9375 581
375108.46875 587
1427129.125 587
1414673.75 587
1026352.3125 587
907205.3125 587
539539.5625 593
17161700 593
1252625.375 593
1085162.75 593
166516.625 593
277269.1875 599
5541248 599
567214.9375 599
272526.71875 599
201057.3125 599
192413.90625 605
4686369.5 605
2030834.25 605
425447.46875 605
169516.734375 605
196383.125 611
9786001 611
499521.21875 611
333564.5625 611
118079.3125 611
170166.5625 617
1358534.75 617
558610.125 617
439392.9375 617
349336.59375 617
273613.09375 623
7303185.5 623
1560503.25 623
1053097 623
426717.53125 623
425972.125 629
2730545.75 629
1177591.5 629
511912.40625 629
253102.375 629
491852.40625 635
1347153 635
416115.65625 635
291117.6875 635
240125.921875 635
223258.765625 641
6921381 641
1464682.75 641
397715.875 641
200921.4375 641
259626.5 647
1491862.75 647
718152.3125 647
334751.40625 647
210958.5 647
208586.84375 653
6575805 653
438481.4375 653
269960.5625 653
121761.9375 653
144979.4375 659
2832377.75 659
1573075 659
1028750.625 659
729366.75 659
251631.9375 665
2072050.75 665
1044254.125 665
556836.625 665
184616.8125 665
496514.65625 671
327535.75 671
247347.25 671
219686 671
145122.609375 671
613439.5625 677
830069.4375 677
293346.28125 677
122854.2421875 677
227967.65625 677
211450.1875 683
6077779 683
283462.40625 683
2681106.25 683
178971.25 683
343671.9375 689
15755899 689
10703705 689
11046829 689
1016476.1875 689
461864.09375 695
1409293.625 695
1160351.25 695
930526.5 695
389154.71875 695
639291.1875 701
459532.78125 701
447161 701
330532.34375 701
393749.03125 701
369088.78125 707
1424175.625 707
1187076 707
558101.375 707
821897.125 707
374567.53125 713
471407.875 713
348818.03125 713
205608.515625 713
295813.90625 719
278162.875 719
4523767.5 719
1886887.75 719
1227482.125 719
201678.5 719
260211.765625 725
23597544 725
3162895.5 725
580412 725
477410.21875 731
416725.125 731
1311644.875 731
398770.3125 731
322937.0625 731
320127.28125 731
370480.9375 737
22275732 737
410681.25 737
279783.75 737
185448.3125 737
261977.34375 743
385728.3125 743
251444.78125 743
149608.140625 743
211381.921875 743
231217.828125 749
1857194.875 749
212287.03125 749
163834.28125 749
159605.171875 749
108125.671875 755
1632006.375 755
267661.96875 755
81791.1484375 755
47666.93359375 755
95472.03125 761
1288776.5 761
285986.65625 761
152293.328125 761
73031.09375 761
79620.4140625 767
6852081.5 767
148045.046875 767
124205.859375 767
65817.2890625 767
89897.625 773
406719.09375 773
390709.15625 773
325406.25 773
160167.765625 773
78657.03125 779
1409950 779
176295.96875 779
140548.4375 779
53601.66796875 779
87481.2265625 785
2237008 785
1867016.75 785
305119.75 785
107398.4375 785
62320.61328125 791
1446191.25 791
2248013 791
724004.25 791
213845.390625 791
125901.1953125 797
5446082.5 797
5013791 797
109874.8515625 797
104470.734375 797
74533.46875 803
389609.15625 803
505711.21875 803
104591.546875 803
141578.953125 803
66466.28125 809
1405576.625 809
356508.6875 809
287431.375 809
76275.2421875 809
67132.9765625 815
1681011.25 815
160563.578125 815
121326.359375 815
78481.0390625 821
48503.55859375 821
2125648.25 821
1386123.125 821
162782.1875 821
71304.4140625 821
89436.125 827
4050325.75 827
1363389 827
1145911 827
296614.625 827
103303.4140625 833
5734459.5 833
904382.75 833
407647.5 833
120578.7578125 833
85652.4453125 839
514999.65625 839
692074 839
173931.0625 839
128913.859375 839
124762.0859375 845
806827.3125 845
606627.25 845
314517.40625 845
218403.65625 845
87126.6796875 851
3754140.5 851
188923.03125 851
132123.578125 857
85957.546875 851
83967.703125 857
643374.5625 857
63880.22265625 857
47998.35546875 857
40721.2734375 857
64521.734375 863
4669154 863
1849998.625 863
1304922.375 863
413585 863
69738.6015625 869
742801.4375 869
496203.71875 869
134640.859375 869
168322.59375 869
94935.015625 875
1035921.875 875
253994.90625 875
161954.109375 875
70876.8046875 875
109617.234375 881
7603336.5 881
920423.9375 881
489940.28125 881
194455.15625 881
123222.9609375 887
385710.21875 887
277685.21875 887
108660.125 887
52925.82421875 887
76947.1328125 893
5808582 893
293877.75 893
159359.5625 893
85985.4140625 893
137101.984375 899
3829336 899
1187717.75 899
1043742.875 899
612906 899
96601.859375 905
1433782.625 905
570644.8125 905
220226.234375 905
186983.96875 905
91184.140625 911
6519496 911
305278.6875 911
104403.9921875 911
116071.9140625 911
112860.6015625 917
704636 917
530064.125 917
482836.28125 917
147150.984375 917
114855.4765625 923
5416092 923
141607.609375 923
94487.7265625 923
62446.19140625 923
114537.1640625 929
2261103 929
374211.71875 929
111259.453125 929
111987.7265625 929
101485.578125 935
1569362 935
4166219.25 935
1068681.5 935
654904.5625 935
451502.59375 941
6898035 941
541661.625 941
216750.21875 941
133178.890625 941
94033.4765625 947
468224.4375 947
235782.140625 947
151750.546875 947
187585.65625 947
134189.4375 953
3051460 953
867586.0625 953
241189.53125 953
317132.46875 953
238518.515625 959
2195797.5 959
171754.359375 959
167841.890625 959
100600.1953125 959
120645.03125 965
2080314.5 965
276153.4375 965
116236.4921875 965
146763.9375 965
161688.171875 971
32853612 971
5433795 971
884961.1875 971
427879.78125 971
215662.21875 977
1376148.625 977
437424.5 977
393798.90625 977
258999.296875 977
92226.5625 983
444250.3125 983
227394.859375 983
224513.65625 983
87218.484375 983
162071.671875 989
1134686 989
1014136.3125 989
626155.8125 989
200880.25 989
255981.15625 995
2799918.75 995
421227.03125 995
162028.609375 995
145129.515625 995
183905.78125 1001
32077014 1001
300861.375 1001
153264.828125 1001
633869.8125 1001
193070.359375 1007
3855539.5 1007
2672843 1007
346947.9375 1007
246447.390625 1007
190420.546875 1013
477650 1013
385608.96875 1013
350493.8125 1013
318906.34375 1013
266329.65625 1019
306761.8125 1019
294322.625 1019
191307.203125 1019
227178.953125 1019
254869.4375 1025
2450763 1025
1551603.125 1025
414754.9375 1025
246736.578125 1025
240999.921875 1031
17252728 1031
314980.5 1031
231811.3125 1031
221815.265625 1031
243826.9375 1037
4784226.5 1037
3798199.25 1037
1152627.875 1037
179770.21875 1037
227054.375 1043
1955175.875 1043
353213.59375 1043
187474.875 1043
103006.625 1043
256477.34375 1049
409613.84375 1049
250652.140625 1049
207257.03125 1049
197771.171875 1049
237444.34375 1055
2514326 1055
1524189.125 1055
1409011.25 1055
456020.6875 1055
390931.6875 1061
12169471 1061
1032895.375 1061
607059.6875 1061
728319.75 1061
524712.0625 1067
2844718.75 1067
700049.9375 1067
270320.8125 1067
251098.40625 1067
415360.75 1073
24585592 1073
11979090 1073
2190024.5 1073
1213574.5 1073
769308.4375 1079
5971292.5 1079
4734759.5 1079
507990.34375 1079
1477564 1079
1050281.125 1085
11186793 1085
1556697.125 1085
429131.9375 1085
688134.5625 1085
691072.625 1091
10734163 1091
2279538.75 1091
1151638.125 1091
741046.1875 1091
577012 1097
1697228.5 1097
550947.125 1097
428821.5 1097
334951.0625 1097
395347.78125 1103
13316362 1103
2227234 1103
2000078 1103
1386769.125 1103
330380.15625 1109
11670246 1109
6822442 1109
3314257.5 1109
1561801.5 1109
352711.125 1115
4795324.5 1115
2671122 1115
2405007 1115
846630.125 1115
535350.875 1121
685207.5 1121
659913 1121
380142.1875 1121
276302.125 1121
253906.578125 1127
1753696.125 1127
926411.9375 1127
758661.0625 1127
445850.6875 1127
1365087.5 1133
6130886 1133
6025845.5 1133
349934 1133
219650.125 1133
411668.34375 1139
10042645 1139
610132.75 1139
497221.3125 1139
527894.25 1139
331543.625 1145
2750000.25 1145
2145253.5 1145
1607787.875 1145
1397732 1145
373877.25 1151
873395.75 1151
814057.25 1151
459278.28125 1151
268282.84375 1151
277729.75 1157
2389921.5 1157
749947.5625 1157
117789.46875 1157
335221.40625 1157
284572.625 1163
1211104.375 1163
572994.375 1163
281168 1163
193815.9375 1163
467519.8125 1169
29396256 1169
10194890 1169
2979750.25 1169
416481.75 1169
534584.5 1175
493395.03125 1175
395399.6875 1175
315432.09375 1175
230844.578125 1175
319754.71875 1181
1974088.5 1181
1068909.25 1181
726683.1875 1181
464218.28125 1181
529731.75 1187
1796841.375 1187
686566.25 1187
149681.828125 1187
233825.859375 1187
391782.125 1193
1114282.5 1193
1102499.375 1193
218727.015625 1193
803856.75 1193
505025.15625 1199
21576274 1199
426989.09375 1199
180506.25 1199
411824.90625 1199
353132.65625 1205
12256878 1205
1453748.75 1205
453061.84375 1205
227592.4375 1205
298651.96875 1211
2072794.875 1211
270856.1875 1211
158386.875 1211
245553.109375 1211
278139.4375 1217
1201771.25 1217
860023 1217
788449.4375 1217
655571 1217
481837.125 1223
2697868.5 1223
2343032.5 1223
661854.75 1223
678410.8125 1223
425713.84375 1229
6660579 1229
917951.4375 1229
336945.125 1229
248647.125 1229
595864.6875 1235
8283331 1235
556321.9375 1235
278639.84375 1235
232379 1235
346872.15625 1241
2100490.5 1241
1205840.75 1241
320031.125 1241
785747.25 1241
516730 1247
45997512 1247
717452 1247
505682.09375 1247
411172.40625 1247
1021198.4375 1253
3708431 1253
1172937.875 1253
775402.6875 1253
844337.1875 1253
938191.1875 1259
5916594 1259
888305.9375 1259
677524.375 1259
398978.09375 1259
604833.8125 1265
5973641 1265
966794.1875 1265
451823.78125 1265
570419.75 1265
552207.375 1271
3394455 1271
2807022.75 1271
2662915 1271
454822.25 1271
456315.15625 1277
28942674 1277
5214216 1277
981111.3125 1277
433631.1875 1277
508272.3125 1283
2739441.5 1283
1319491.25 1283
1319440.625 1283
1027135 1283
816170.25 1289
12514748 1289
5669966.5 1289
1565251.625 1289
942487 1289
866490 1295
767745.5 1295
516844.71875 1295
350217.53125 1295
403998.3125 1295
374497.84375 1301
2928164 1301
676253.1875 1301
393021 1301
203136.84375 1301
357133.28125 1307
9736850 1307
887870.4375 1307
282254.21875 1307
287998.6875 1307
479206.28125 1313
6260109 1313
1504660.625 1313
1162760.625 1313
824573.875 1313
519536.9375 1319
2857078.25 1319
692145.375 1319
391865.5625 1319
251079.25 1319
368487.5625 1325
18605298 1325
540840.875 1325
444996.5 1325
205718.046875 1325
246424.140625 1331
2018520.375 1331
709324.25 1331
246702.625 1331
158323.765625 1331
165303.25 1337
280073.125 1337
234631.546875 1337
110519.9375 1337
123181.34375 1337
162806.953125 1343
12486427 1343
2402448 1343
1751572.75 1343
237027.453125 1343
112838.703125 1349
1376973.125 1349
1145747.75 1349
909722 1349
36795.5703125 1349
112398.140625 1355
28381664 1355
286042 1355
100403.3203125 1355
88654.3203125 1355
100344.875 1361
1385855.125 1361
437474.6875 1361
218340.0625 1361
77087.1875 1361
109185.8203125 1367
170390.21875 1367
169700.328125 1367
83144.875 1367
145683.015625 1367
168816.828125 1373
2110023.5 1373
232179.34375 1373
134727.953125 1373
81228.7265625 1373
75298.34375 1379
863447.8125 1379
705698.1875 1379
71759.6015625 1379
66940.8203125 1379
70978.28125 1385
8394593 1385
69233.671875 1385
68982.671875 1385
42763.9140625 1385
72519.421875 1391
62308.3515625 1391
59520.03515625 1391
41432.42578125 1391
48082.31640625 1391
53095.84765625 1397
104424.65625 1397
50712.84765625 1397
48750.24609375 1397
34693.8125 1397
49224.44140625 1403
48960.30859375 1403
47476.04296875 1403
15493.544921875 1403
70478.046875 1409
63365.20703125 1409
112157.8046875 1409
55274.671875 1409
101469.609375 1415
48805.03515625 1409
66611.8828125 1415
60771.87890625 1415
58714.9296875 1415
76431.8984375 1421
44328.2265625 1415
57197.90625 1421
50390.24609375 1421
49909.73828125 1421
43469.0625 1421
66014.7890625 1427
65854.3828125 1427
63826.7890625 1427
57746.98828125 1427
33818.5 1427
57519.1484375 1427
55524.2265625 1433
83702.8125 1433
63225.5078125 1433
16107.36328125 1433
53904.1484375 1433
68618.9921875 1439
113504.5078125 1439
58231.29296875 1439
43163.0859375 1439
39702.04296875 1439
58651.0078125 1445
81336.8515625 1445
52172.171875 1445
18224.240234375 1445
42429.32421875 1445
60054.234375 1451
59311.38671875 1451
55468.453125 1451
49692.33984375 1451
65873.46875 1457
53083.08203125 1457
52614.7734375 1457
51042.59765625 1457
17643.21484375 1457
55399.078125 1463
54239.51953125 1463
60986.18359375 1463
48617.12109375 1463
95443.3515625 1469
25543.43359375 1463
59042.79296875 1469
58879.8671875 1469
55489.3671875 1469
42995.87109375 1469
12269.4609375 1469
58446.5703125 1475
56658.96484375 1475
51455.99609375 1475
16267.416015625 1475
17817.5546875 1475
72256.09375 1481
69444.0703125 1481
67502.78125 1481
65669.4140625 1481
25819.4375 1481
70666.921875 1487
61166.8671875 1487
145086.65625 1487
58808.40234375 1487
59105.9296875 1487
85137.3828125 1493
104399.6796875 1493
67957.0703125 1493
61119.97265625 1493
24467.64453125 1493
73470.6875 1499
85513.265625 1499
76017.1484375 1499
56618.71484375 1499
66780.078125 1505
61126.8984375 1505
63157.6171875 1505
59541.5 1505
17862.177734375 1505
44888.62109375 1505
60252.15625 1511
54671.05078125 1511
52576.0703125 1511
121244.515625 1517
86689.265625 1517
68224.3125 1517
171267.203125 1517
76417.6015625 1517
43633.4296875 1517
55531.8359375 1517
74327.9453125 1523
67297.5703125 1523
65358.09765625 1523
45783.5234375 1523
54547.73828125 1529
52936.046875 1529
43538.53125 1529
42993.88671875 1529
76843.75 1535
41826.38671875 1529
24642.28515625 1535
22907.7421875 1535
162545.0625 1535
15756.8173828125 1535
21851.291015625 1540
74636.21875 1540
73000.3671875 1547
44826.89453125 1540
48753.640625 1541
32532.359375 1547
153285.078125 1547
105787.5390625 1547
65275.67578125 1553
43401.1171875 1553
28821.1484375 1553
70667.1328125 1553
53623.0625 1559
20292.244140625 1553
47265.25390625 1559
28803.07421875 1559
55286.9921875 1559
28308.201171875 1559
17854.49609375 1559
15305.1591796875 1559
45493.12890625 1565
38663.05078125 1565
34433.8671875 1565
15327.2353515625 1565
18355.171875 1565
62356.2109375 1571
56684.21875 1571
54015.00390625 1571
47252.5390625 1571
42036.59375 1571
55160.421875 1577
166772.25 1577
123417.9375 1577
14734.3271484375 1577
15058.568359375 1577
60406.09765625 1583
60027.59375 1583
59607.4609375 1583
39391.46875 1583
44847.29296875 1583
61011.80078125 1589
45151.11328125 1589
44800.078125 1589
22148.98046875 1589
38493.84765625 1589
64821.265625 1595
85577.8046875 1595
64010.80859375 1595
33695.21875 1595
72112.609375 1601
61033.2265625 1601
61476.19921875 1601
58375.44921875 1601
19314.162109375 1601
49693.5546875 1601
79110.96875 1607
170668.6875 1607
152532.71875 1607
39010.859375 1607
62953.03515625 1607
86907.125 1613
87334.828125 1613
86399.3515625 1613
45402.1875 1613
40498.34765625 1613
88380.9140625 1619
90249.3203125 1619
87824.359375 1619
61127.51171875 1619
44254.73828125 1619
67308.3046875 1625
111693.5703125 1625
66856.625 1625
18109.6640625 1625
20125.345703125 1625
65885.2109375 1631
59889.171875 1631
56455.84375 1631
17812.830078125 1631
57054.5703125 1637
53111.28125 1637
146754.359375 1637
144260.59375 1637
100899.0625 1637
65473.734375 1643
46361.765625 1643
89961.5625 1643
79867.15625 1643
43030.6015625 1643
67713.5078125 1643
64798.03125 1649
240712.890625 1649
64976.36328125 1649
19409.357421875 1649
42824.98046875 1649
55198.87109375 1655
631993.8125 1655
50229.83984375 1655
37603.23046875 1655
80570.1171875 1655
52278.640625 1661
63439.58984375 1661
49350.3203125 1661
5522010 1661
18195.978515625 1661
88663.984375 1667
83072.2265625 1667
80393.3203125 1667
72874.5703125 1667
25611.556640625 1667
76881.8828125 1673
177821.421875 1673
65300.78515625 1673
63736.484375 1673
49304.140625 1673
62463.0390625 1679
92732.015625 1679
81612.1796875 1679
60639.7109375 1679
67136.0625 1679
69225.5703125 1685
68987.2265625 1685
48995.671875 1685
21447.728515625 1685
16902.001953125 1685
65050.515625 1691
63495.73828125 1691
56518.53515625 1691
53865.703125 1691
45505.55078125 1691
114314.203125 1697
2070562.375 1697
58582.1875 1697
42668.04296875 1697
53068.953125 1697
62740.06640625 1703
1209386.5 1703
61786.19921875 1703
58019.35546875 1703
24428.2109375 1703
90438.609375 1709
74144.7421875 1709
70828.4609375 1709
67786.828125 1709
28132.69921875 1709
59359.859375 1715
74808.34375 1715
53944.61328125 1715
51393.91796875 1715
20462.9140625 1715
60514.7890625 1721
55484.98828125 1721
54026.546875 1721
25241.958984375 1721
12094.77734375 1721
66126.3359375 1727
825379.0625 1727
66071.84375 1727
64566.56640625 1727
63173.90234375 1727
75550.7109375 1733
211696.453125 1733
57128.4453125 1733
48192.40234375 1733
54043.0078125 1733
52474.20703125 1739
93509.40625 1739
75984.5546875 1739
18303.021484375 1739
51962.58984375 1739
58729.11328125 1745
54916.05859375 1745
49697.97265625 1745
42250.37890625 1745
40747.16796875 1745
59660.6328125 1751
51266.703125 1751
113220.0390625 1751
20070.125 1751
79812.03125 1757
76226.7421875 1757
865231.6875 1757
82839.6484375 1757
39952.6171875 1757
24206.072265625 1757
58600.8359375 1763
283566.75 1763
109864.078125 1763
23861.498046875 1763
104697.1796875 1763
60418.4921875 1769
75696.4765625 1769
57818.91015625 1769
54305.84765625 1769
39449.10546875 1769
95764.046875 1775
61091.08984375 1775
60394.46875 1775
24660.001953125 1775
51372.4453125 1775
71381.4921875 1781
73263.328125 1781
64542.03515625 1781
74389.9296875 1781
41788.87890625 1781
82589.2734375 1787
68799.1328125 1787
63793.4296875 1787
56885.8515625 1787
50694.19921875 1787
73144.2734375 1793
793004.5625 1793
94421.34375 1793
54160.734375 1793
57584.3671875 1793
78666.4453125 1799
163520.25 1799
74695.03125 1799
17882.80078125 1799
71570.5625 1805
71437.890625 1805
77711.9921875 1805
72113.859375 1805
71107.09375 1805
51940.1328125 1805
64560.85546875 1811
64202.51953125 1811
58645.1640625 1811
49643.59375 1811
22162.703125 1811
45266.75390625 1817
44641.125 1817
44029.60546875 1817
39695.57421875 1817
20858.341796875 1817
52234.51171875 1823
49932.671875 1823
49030.7109375 1823
45720.2578125 1823
43180.70703125 1823
68340.3828125 1829
63244.109375 1829
127251.2109375 1829
48047.89453125 1829
38210.82421875 1829
66332 1835
61945.5390625 1835
57962.8671875 1835
54216.03515625 1835
56722.23046875 1835
69039.734375 1841
68651.9609375 1841
63035.1875 1841
57697.5546875 1841
24040.818359375 1841
60515.23046875 1847
86550.421875 1847
57337.33984375 1847
11191.7998046875 1847
49970.46875 1853
47956.10546875 1853
154611.296875 1853
49605.84375 1853
44827.96484375 1853
38076.890625 1859
127903.0234375 1859
23808.197265625 1859
23776.728515625 1864
24439.17578125 1859
53643.65234375 1864
69533.0703125 1864
107238.75 1864
53154.55078125 1865
54757.296875 1865
74922.2109375 1871
116471.7265625 1871
63091.828125 1871
51896.2890625 1871
23788.78515625 1871
72169.2109375 1877
64016.55078125 1877
62889.203125 1877
194207.609375 1883
18296.8046875 1877
86983.4296875 1883
123995.328125 1883
73744.484375 1883
44692.66796875 1883
48296.11328125 1883
100178.1015625 1889
83657.5546875 1889
80290.140625 1889
65503.32421875 1889
69801.9453125 1889
71984.109375 1895
70493.234375 1895
62854.91015625 1895
50471.25 1895
47113.41015625 1895
60180.63671875 1901
116325.7890625 1901
60306.3203125 1901
42093.1171875 1901
52752.1640625 1901
69183.0859375 1907
67218.71875 1907
61784.8984375 1907
42239.5625 1907
80081.6953125 1913
61920.875 1913
82403.296875 1913
69875.3359375 1913
45941.28125 1913
50415.609375 1913
68796.4453125 1919
58299.9296875 1919
57666.60546875 1919
46937.453125 1919
2478554 1919
71187.7890625 1925
66783.1484375 1925
64056.23828125 1925
41809.70703125 1925
55865.03515625 1925
72539.875 1931
79138.8828125 1931
64225.44140625 1931
48747.05078125 1931
19055.517578125 1931
73583.765625 1937
63276.65234375 1937
60412.7578125 1937
18372.765625 1937
53683.17578125 1937
75940.5859375 1943
70064 1943
57103.6796875 1943
16306.9794921875 1943
83514.4140625 1949
78168.546875 1949
973120.8125 1949
582606.9375 1949
61630.1796875 1949
19969.2265625 1949
76363.3046875 1955
476581 1955
69220.9296875 1955
61560.5546875 1955
42842.50390625 1955
74285.0859375 1961
81356.8828125 1961
53974.5703125 1961
14543.8642578125 1961
53680.41015625 1961
81233.7578125 1967
64866.29296875 1967
64749.29296875 1967
80107.578125 1973
14565.296875 1967
70534.2421875 1973
126989.2265625 1973
66026.5703125 1973
24112.16015625 1973
23192.759765625 1973
55721.87890625 1979
189230.671875 1979
71215.53125 1979
18551.5546875 1979
22854.271484375 1979
82446.90625 1985
206602.75 1985
92866.6796875 1985
60455.47265625 1985
27361.453125 1985
58438.125 1991
51589.98046875 1991
51509.2734375 1991
28206.767578125 1991
21939.333984375 1991
73149.0703125 1997
165729.078125 1997
103500.78125 1997
66359.09375 1997
19394.25 1997
54377.2265625 2003
51791.96875 2003
50860.5546875 2003
68496.5234375 2009
13141.0830078125 2003
58336.1484375 2009
54225.47265625 2009
53361.109375 2009
22510.458984375 2009
25802.71484375 2009
81549.640625 2015
215586 2015
90373.59375 2015
23449.20703125 2015
18932.427734375 2015
83011.78125 2021
129888.5625 2021
81035.0234375 2021
19053.4453125 2021
64803.53515625 2021
73249.6171875 2027
113789.3828125 2027
69089.6640625 2027
56185.58203125 2027
47741.328125 2027
80496.921875 2033
248809.765625 2033
73894.6015625 2033
73132.7578125 2033
67806.734375 2033
78492.734375 2039
86648.3203125 2039
78287.7890625 2039
51404.6640625 2039
45388.41796875 2039
75906.4375 2045
207488.609375 2045
206129.203125 2045
71982.6796875 2045
75584.7734375 2045
122399.0546875 2051
87714.0859375 2051
358856.8125 2051
24556.490234375 2051
19823.0625 2051
89136.9453125 2057
82904.484375 2057
70559.6875 2057
69146.71875 2057
67913.8828125 2057
74952.671875 2063
142215.546875 2063
177634.6875 2063
59641.25390625 2063
72725.2578125 2063
64335.875 2069
187693.75 2069
59509.48828125 2069
56200.26953125 2069
22508.02734375 2069
75875.9765625 2075
396538.96875 2075
262452.96875 2075
237136.96875 2075
58737.22265625 2075
107338.796875 2081
4605110 2081
606802.1875 2081
77062.15625 2081
50380.2421875 2081
77579.8984375 2087
172169.546875 2087
76983.3203125 2087
73171.9375 2087
53141.109375 2087
69845.5078125 2093
107930.5546875 2093
61638.9609375 2093
28003.025390625 2093
21843.580078125 2093
83298.2421875 2099
77260.1171875 2099
77234.0703125 2099
55506.81640625 2099
22533.26953125 2099
74691.390625 2105
188393.515625 2105
72724.6171875 2105
39230.54296875 2111
38484.33203125 2111
36886.52734375 2111
168176880 2111
122766.0078125 2111
32590.677734375 2111
74792.9296875 2117
73667.4609375 2117
131537.703125 2117
62197.74609375 2117
162395.15625 2123
73102.0234375 2123
51087.5625 2123
55446.26953125 2123
42119.71484375 2123
76414.1484375 2129
49725.88671875 2129
129920.75 2129
51297.23046875 2129
72670.21875 2134
111975.46875 2129
71968.7109375 2134
62479.21875 2134
60801.546875 2134
52281.51953125 2134
66136.4140625 2140
56325.765625 2140
163677024 2140
54330.39453125 2140
35476.5078125 2140
102105.6796875 2146
88157.6796875 2146
160991.09375 2146
57084.53515625 2146
31198.640625 2146
45320.69140625 2146
87113.1796875 2152
86195.71875 2152
84817.65625 2152
50050.94140625 2152
40319.140625 2152
92873.53125 2158
570810.8125 2158
80352.625 2158
123302.546875 2164
39818.0859375 2158
100269.1328125 2164
185087.875 2164
104138.671875 2164
96533.6015625 2164
31751.630859375 2164
57455.0390625 2170
77694624 2170
89118.890625 2170
40036.08203125 2170
46759.0078125 2170
87139.734375 2176
91082.140625 2176
86896.515625 2176
44793.671875 2176
136758 2182
103740.4609375 2182
249034.078125 2182
101671.2734375 2182
108571.4921875 2188
44160.49609375 2182
91686.6953125 2188
795598.3125 2188
190943.953125 2188
85714.3203125 2188
30934.41015625 2188
117957.734375 2194
556838.125 2194
117229.4375 2194
102254.7890625 2194
26224.515625 2194
122426.0390625 2200
40161900 2200
191215.6875 2200
82302.1171875 2200
84327.3671875 2206
78090.375 2206
77235.1015625 2206
77031.4296875 2206
66430.5078125 2206
401437.5625 2206
120034.6953125 2212
855444.875 2212
115386.8828125 2212
72919.5625 2212
93206.03125 2212
106790.9140625 2218
208102.234375 2218
104063.234375 2218
83345.796875 2218
63620.08203125 2218
95218.390625 2224
220055.453125 2224
124259.359375 2224
77891.46875 2224
50650.859375 2224
77602.109375 2230
289328.59375 2230
279959.59375 2230
27280.8828125 2230
63877.0234375 2230
83006.75 2236
81730.8828125 2236
77622.828125 2236
38114.4453125 2236
34430.81640625 2236
100787.0078125 2242
427411.75 2242
114751.5078125 2242
43752.875 2242
52955.140625 2242
60155.77734375 2248
49841.79296875 2248
44720.2265625 2248
73000.6953125 2254
66929.7890625 2254
40518.0390625 2254
431084.8125 2254
47338.42578125 2254
75348.65625 2260
50390.078125 2260
49621.7890625 2260
602924.5 2260
198827.90625 2260
140828.171875 2266
41669.7109375 2260
50922.9921875 2266
213324.984375 2266
47921.9765625 2266
104038.0859375 2272
46207.91015625 2272
46132.33203125 2272
126708.984375 2272
41197.3125 2272
133303.84375 2278
101365.859375 2278
64113.9140625 2278
48710.04296875 2278
44972.53125 2278
31237.423828125 2278
39641.26953125 2278
75364.3203125 2284
1122981.625 2284
83018.3046875 2284
146191.84375 2290
40535.5859375 2284
82472.8046875 2290
397109.09375 2290
146963.515625 2290
125880.2890625 2296
103563.5 2296
101126.7578125 2296
98777.5703125 2296
87511.5546875 2296
82302.8515625 2296
29973.8984375 2296
94988.9609375 2302
95908.6484375 2302
94826.015625 2302
86938.203125 2302
84416.21875 2308
83878.1328125 2308
83829.4921875 2308
72902.5625 2308
95658.8125 2314
48568.171875 2314
47692.26171875 2314
769220.6875 2314
40769.98046875 2314
98627.890625 2320
31134.2109375 2314
48926.5390625 2320
338334.59375 2320
136986.109375 2320
27902.841796875 2320
43698.984375 2326
40121.2421875 2326
202245.65625 2326
38999.16796875 2326
129220.859375 2332
37677.265625 2326
79805.2578125 2332
94533.9140625 2332
91823.453125 2332
37843.94140625 2332
179112.578125 2332
91651.109375 2338
86743.6875 2338
129591.25 2338
49610.36328125 2338
49367.2890625 2338
119623.203125 2344
332879.65625 2344
109133.203125 2344
52632.484375 2344
86598.9296875 2344
95515.359375 2350
231269.65625 2350
78710.046875 2350
67856.7421875 2356
30263.70703125 2350
41734.35546875 2356
103437.78125 2356
41619.578125 2356
39915.8828125 2356
29015.4140625 2356
70160.15625 2362
99374.5625 2362
81576.4296875 2362
26620.83203125 2362
33850.74609375 2362
54787.65625 2368
76438.484375 2368
53373.7734375 2368
39626.1171875 2368
97100.5234375 2374
96019.109375 2374
85377.8671875 2374
83247.359375 2374
84631.015625 2380
67835.890625 2374
66706.6171875 2380
160472.53125 2380
63502.078125 2380
112970.4140625 2386
78352.703125 2386
77446.140625 2386
76978.375 2386
75634.375 2386
31671.98828125 2386
43437.75390625 2386
38474.4765625 2392
33133.00390625 2392
32429.30078125 2392
72877.796875 2398
69727.4609375 2398
67330.7421875 2398
142177.6875 2398
78799.015625 2398
36618.1171875 2398
68530.1796875 2398
94882.265625 2404
210700.28125 2404
74185.1875 2404
72967.359375 2410
46238.3125 2404
63485.25390625 2410
55155.0703125 2410
54727.2578125 2410
32691.2109375 2410
64808.63671875 2416
64144.125 2416
61379.0234375 2416
54090.0234375 2416
20018.166015625 2416
78072.0625 2422
73780.140625 2422
64687.8046875 2422
227396.25 2422
131466.15625 2428
31113.6640625 2422
92278.1953125 2428
79746.6796875 2428
65115.83203125 2428
130708.625 2434
113179.859375 2434
79912.140625 2434
93617.9765625 2434
78725.796875 2434
72807.109375 2434
94610.0390625 2440
78695.21875 2440
161836.703125 2440
127587.359375 2440
87367.0078125 2446
62999.91015625 2440
75416.953125 2446
72865.1875 2446
69796.28125 2446
26596.326171875 2446
41438.05078125 2446
70600.2890625 2452
66292.9296875 2452
65377.1875 2452
91961.125 2458
35396.7109375 2452
60353.35546875 2458
37137.69921875 2458
155378.1875 2458
35379.6484375 2458
33849.33984375 2458
72476.4921875 2464
76773.0390625 2464
68550.328125 2464
29861.18359375 2464
62422.65625 2464
79498.53125 2470
139637.34375 2470
92142.8046875 2470
78535.4140625 2470
81505.65625 2476
59423.64453125 2476
43929.69921875 2476
36858.98828125 2476
93244.9375 2482
25729.51953125 2476
71186.6875 2482
44458.97265625 2482
44442.94921875 2482
38631.55078125 2482
24178.7734375 2482
90648.125 2488
113368.9296875 2488
47253.19140625 2488
122143.1015625 2494
99892.34375 2494
97753.0859375 2494
91881.3828125 2494
87810.625 2494
44050.859375 2494
39040.1484375 2494
51471.6484375 2500
136969.5625 2500
549541.5625 2500
99752.4296875 2500
49885.1328125 2500
84565.6328125 2506
50113.0390625 2506
47154.17578125 2506
39544.05078125 2506
85086.6328125 2512
65308.4140625 2512
46170.6484375 2512
45773.90625 2512
26321.2578125 2512
77647.2421875 2518
69434.671875 2518
73177.8046875 2518
70385.0703125 2518
76191.25 2524
27437.31640625 2518
64940.875 2524
88891.09375 2524
85969.296875 2524
122461.6484375 2524
23912.9765625 2524
94733.40625 2530
101376.3515625 2530
89169.3125 2530
80529.203125 2530
82531.3046875 2536
79322.5 2536
257691.03125 2536
76179.046875 2536
22274.751953125 2536
37010.99609375 2536
84746.140625 2542
66740.9921875 2542
150606.90625 2542
140148.5625 2548
100374.8515625 2542
76148.0546875 2548
74340.578125 2548
104389.015625 2548
74080.6015625 2548
80977.265625 2554
74972.890625 2554
94110.21875 2554
65987.15625 2554
83440.78125 2554
56651.41015625 2554
95171.5078125 2560
81380.71875 2560
66607.1953125 2560
17207.935546875 2560
59969.171875 2560
93615.96875 2566
262771.09375 2566
93410.03125 2566
54700.23828125 2566
67635.953125 2566
218841.953125 2572
80970.171875 2572
71262.9296875 2572
69010.7578125 2572
67666.6796875 2572
79864.1796875 2578
111131.7890625 2578
79730.2265625 2578
48030.26171875 2578
92391.6875 2584
90400.8046875 2584
80716.4140625 2584
73424.0859375 2584
65454.69921875 2584
54199.82421875 2584
80115.5390625 2590
165483.96875 2590
77406.421875 2590
20145.42578125 2590
73859.734375 2590
69638.0546875 2596
93701.34375 2596
56739.328125 2596
24068.818359375 2596
21437.609375 2596
79765.6484375 2602
101030.7109375 2602
68609.8125 2602
102914.4609375 2608
45726.23046875 2602
88183.7421875 2608
108743.984375 2608
91904.1171875 2608
88609.9296875 2614
54499.30078125 2608
72631.2421875 2614
101020.03125 2614
71816.53125 2614
132565.25 2620
56201.99609375 2614
102698.3671875 2620
80140.1796875 2620
70592.34375 2620
56922.171875 2620
89427.078125 2626
83001.9609375 2626
80836.515625 2626
80289.78125 2626
61120.43359375 2626
76842.578125 2626
77599.921875 2632
79020.890625 2632
76659.390625 2632
103940.2734375 2638
58250.3046875 2632
97117 2638
128855.6796875 2638
107054.6875 2638
91888.84375 2638
26570.533203125 2638
67491.2890625 2644
122464.578125 2644
63029.90234375 2644
57401.44921875 2644
59970.00390625 2644
83779.7421875 2650
71791.1953125 2650
64926.12109375 2650
18880.8203125 2650
29176.9765625 2650
56141.78515625 2656
54423.703125 2656
53131.10546875 2656
28504.06640625 2656
84058.5546875 2656
65599.8828125 2662
102732.046875 2662
75308.6640625 2662
24070.392578125 2662
59510.69140625 2662
67317.6484375 2668
128438.171875 2668
103087.3828125 2668
68625.140625 2668
46179.33203125 2668
83187.7578125 2674
122900.125 2674
84334.6875 2674
52157.3046875 2674
67009.03125 2674
71340.7578125 2680
65094.390625 2680
64650.6484375 2680
27412.939453125 2680
47820.53125 2680
65673.75 2686
85368.9921875 2686
61686.7265625 2686
18218.4453125 2686
17139.08984375 2686
65560.6015625 2692
79878.796875 2692
59243.51953125 2692
90326.0625 2698
17515.83984375 2692
77955.6015625 2698
104138.3359375 2698
65485.08203125 2698
28142.6875 2698
29887.439453125 2698
68016.515625 2704
166952.734375 2704
98301.203125 2704
54710.07421875 2704
87671.609375 2710
87300.75 2710
176749.25 2710
80518.8359375 2710
56161.3671875 2710
55508.21484375 2710
68957.4921875 2716
68268.203125 2716
66743.328125 2716
25471.572265625 2716
50937.375 2716
75429.5703125 2722
71990.546875 2722
66468.3359375 2722
33214.26953125 2722
19953.025390625 2722
80920.5859375 2728
72669.09375 2728
71029.4609375 2728
75595.265625 2734
69628.28125 2728
69852.59375 2734
84044.5390625 2734
69538.28125 2734
112334.7890625 2740
99666.0234375 2740
93939.3515625 2740
89161.7890625 2740
217945.375 2740
29562.837890625 2740
78982.921875 2740
45943.02734375 2746
41619.12890625 2746
41401.32421875 2746
39766.69921875 2746
93806.359375 2746
73453.40625 2752
605400.3125 2752
70017.9375 2752
36747.21875 2752
97262.0625 2758
47980.4296875 2758
95046.0078125 2758
46366.7578125 2758
37582.8125 2758
76192.1796875 2764
75829.7109375 2764
94126.875 2764
76662.484375 2764
27999.8671875 2764
44417.05078125 2764
66047.0625 2770
86522.59375 2770
72220.109375 2770
32255.373046875 2770
24939.091796875 2770
63537.203125 2776
59783.578125 2776
59105.41015625 2776
74165.46875 2782
25401.220703125 2776
66150.4296875 2782
52987.171875 2782
36526.2890625 2782
35058.97265625 2782
85553.4140625 2788
82598.6484375 2788
86043.578125 2788
77183 2788
57852.80859375 2788
77087.6796875 2794
70216.265625 2794
95927.0234375 2794
66528.4609375 2794
23607.779296875 2794
75063.4296875 2800
58253.8203125 2800
106745.953125 2800
91244.8984375 2800
49651.0546875 2800
24448.134765625 2800
57883.48828125 2806
47275.14453125 2806
33283.234375 2806
19098.263671875 2806
27203.361328125 2806
56945.8359375 2812
60727.015625 2812
55136.62109375 2812
75831.21875 2818
48140.8203125 2812
64143.703125 2818
63333.80078125 2818
61445.203125 2818
127956.90625 2824
82846.8359375 2824
65691.734375 2824
74090.0234375 2824
62596.484375 2824
20823.91015625 2824
29498.2109375 2824
71636.6953125 2830
141274.421875 2830
109143.1875 2830
49335.9765625 2830
81995.984375 2836
81110.921875 2836
388484.09375 2836
77796.7109375 2836
29908.1015625 2836
26779.673828125 2836
70264.359375 2842
65928.2890625 2842
63018.29296875 2842
167121.578125 2848
27102.93359375 2842
1473236.75 2848
82297.8046875 2848
74289.2421875 2848
62720.73046875 2848
115809.6796875 2854
98037.4609375 2854
95293.421875 2854
90555.2421875 2854
58039.5234375 2854
79543.8046875 2860
75030.1875 2860
175955.4375 2860
118417.6015625 2860
46967.2734375 2860
28697.068359375 2860
75964.671875 2866
133480.046875 2866
75280.4765625 2866
116628.8671875 2872
25698.9375 2866
72875.6640625 2872
353756.5625 2872
72431.1875 2872
42148.8046875 2872
40399.79296875 2872
82345.640625 2878
1175126.625 2878
982726 2878
475590.90625 2878
36752.734375 2878
180264.140625 2884
111873.3671875 2884
98737.9765625 2884
40418.30859375 2884
80200.265625 2890
80009.109375 2890
128948.3984375 2890
77939.40625 2890
85708.3046875 2896
72781.9296875 2896
58547.66015625 2896
226842.046875 2896
51143.10546875 2896
49210.921875 2896
30155.001953125 2896
128914.8203125 2902
204322.9375 2902
113276.3359375 2902
319010.0625 2908
166017.078125 2908
159683.984375 2908
1366793 2908
284929.6875 2908
143352.25 2908
148973.828125 2908
91185.640625 2914
90416.5234375 2914
86627.453125 2914
68874.4140625 2914
72195.5 2914
177750.71875 2920
105817.5078125 2920
80458.921875 2920
60708.6953125 2920
60634.125 2920
64899.109375 2926
60012.40625 2926
59627.28125 2926
158423.859375 2932
101144.15625 2926
203977.484375 2932
249875.984375 2932
115635.2890625 2932
197445.921875 2938
73000.1015625 2932
125416.65625 2938
947176.5625 2938
170335.46875 2938
157169.921875 2944
58792.73046875 2938
120978.7421875 2944
104560.4375 2944
110184.03125 2944
59988.76953125 2950
39275.1328125 2944
58955.8046875 2950
60205.0546875 2950
52781.69140625 2950
169380.515625 2956
39305.75390625 2950
130165.328125 2956
113416.765625 2956
112359.609375 2956
89490.0859375 2956
32079.650390625 2956
114664.015625 2962
168349.796875 2962
125329.2421875 2962
47332.22265625 2962
109332.703125 2968
103309.3671875 2968
486979.25 2968
188350.953125 2968
37464.54296875 2968
648487 2968
194601.375 2974
214561.265625 2974
130657.59375 2974
42585.44140625 2974
127004.1953125 2980
67459.390625 2980
67374.6953125 2980
185078.15625 2980
55820.20703125 2980
37327.57421875 2980
76005.9375 2986
70868.953125 2986
68053.25 2986
118033.4296875 2992
72419.953125 2992
72239.4375 2992
64058.09765625 2992
57232.50390625 2992
133038.078125 2998
39758.58203125 2992
57139.125 2998
577471.1875 2998
126964.2890625 2998
157644.546875 3004
66681.25 3004
64176.76953125 3004
354214.625 3004
58919.5703125 3004
56019.81640625 3004
113109.84375 3010
67419.265625 3010
66448.9296875 3010
63219.66015625 3010
139689.828125 3016
37237.140625 3010
65405.02734375 3016
63507.05859375 3016
62741.96484375 3016
117988.8203125 3022
56687.828125 3016
51625.2578125 3022
51171.890625 3022
48248.96484375 3022
163936.953125 3028
46815.42578125 3022
69811.078125 3028
62498.9375 3028
224439.296875 3028
31453.021484375 3028
62485.6484375 3034
62211.921875 3034
211924.015625 3034
60738.65234375 3034
135485.90625 3040
107027.171875 3040
55511.7109375 3040
46540.09765625 3040
44637.4765625 3040
135484.328125 3046
44490.85546875 3040
55869.0234375 3046
53014.4375 3046
50586.171875 3046
44528.25390625 3046
50939.8203125 3052
50771.90625 3052
143316.4375 3052
45813.71484375 3052
32781.5546875 3052
45190.3515625 3052
87222.625 3058
211431.90625 3058
72579.0078125 3058
41121.5859375 3058
32998.73828125 3058
76069.421875 3064
179491.34375 3064
141070.953125 3064
25139.70703125 3064
28254.6015625 3064
61656.7421875 3070
57758.078125 3070
46619.27734375 3070
90419.046875 3076
35970.078125 3070
69248.40625 3076
102001.9140625 3076
101710.8125 3076
69163.609375 3076
62676.24609375 3076
74005.1796875 3082
142733.515625 3082
73794.484375 3082
52093.70703125 3082
29247.978515625 3082
68031.6953125 3088
236574.71875 3088
96284.8125 3088
29179.3515625 3088
33180.75 3088
80550.8828125 3094
215110.515625 3094
122085.9140625 3094
79962.2421875 3094
36062.41796875 3094
65818.109375 3100
62907.08984375 3100
41832.58203125 3100
83290.984375 3106
20767.69140625 3100
68019.6640625 3106
56130.54296875 3106
83206.859375 3106
121619.8828125 3112
21318.107421875 3106
94221.8359375 3112
206437.890625 3112
138296.234375 3112
31904.197265625 3112
70641.5390625 3112
88576.265625 3118
299819.34375 3118
136235.703125 3118
108317.03125 3124
38689.0234375 3118
121881.7890625 3124
172831.8125 3124
95963.5625 3124
42373.765625 3124
37363.99609375 3124
61812.4140625 3130
123645.453125 3130
57414.91015625 3130
50522.27734375 3130
56906.484375 3136
52317.05859375 3136
67170.3671875 3136
50468.328125 3136
55324.24609375 3142
53515.22265625 3142
51572.15234375 3142
83525.171875 3142
50556.75 3142
71012.4765625 3148
63587.609375 3148
53654.1875 3148
300742.46875 3148
242511.3125 3148
116600.5078125 3154
54341.30078125 3154
53905.296875 3154
53249.58984375 3154
53169.53515625 3154
48096.69140625 3154
108643.96875 3160
81064.265625 3160
57447.01171875 3160
55088.42578125 3160
35439.0234375 3160
86641.9140625 3166
87481.5859375 3166
65660.5390625 3166
50749.046875 3166
105958.5703125 3172
43880.12109375 3166
87701.2265625 3172
81289.453125 3172
53845.0078125 3172
35148.20703125 3172
87398.8046875 3178
45687.80859375 3178
243714.328125 3178
98847.3984375 3178
111215.1328125 3184
91992.3359375 3184
84457.5859375 3184
81521.5078125 3184
79865.5859375 3184
31269.4921875 3184
26548.76953125 3184
77284.953125 3190
269389.21875 3190
42342.80859375 3190
33854.1171875 3190
77209.328125 3196
74181.421875 3196
102567.671875 3196
71530.046875 3196
83375.8828125 3202
31455.28125 3196
35813.76171875 3202
35382.1171875 3202
33506.19921875 3202
78219.25 3208
29768.4609375 3202
36300.8046875 3208
35720.6484375 3208
35666.75 3208
94605.7265625 3208
32694.314453125 3208
60483.58984375 3214
66749.546875 3214
52188.8828125 3214
107795.140625 3220
32754.248046875 3214
64102.7421875 3220
126888.78125 3220
57774.7890625 3220
72297.0546875 3226
27580.9375 3220
30735.28125 3226
80798.7890625 3226
69645.9375 3226
68164.1015625 3232
18839.51953125 3226
34676.9765625 3232
32059.275390625 3232
31486.94921875 3232
30958.23046875 3232
58554.140625 3238
35499.5546875 3238
32865.0546875 3238
31848.783203125 3238
94737.9296875 3244
84971.4140625 3244
72887.515625 3244
133691.3125 3244
99816.34375 3244
84877.8984375 3250
28652 3244
62811.70703125 3250
116527.671875 3250
52748.2890625 3250
38147.90625 3250
28079.529296875 3250
36837.25390625 3256
35615.8515625 3256
33532.5390625 3256
34017.6640625 3256
73643.2109375 3262
65681.59375 3262
108651.671875 3262
65451.9140625 3262
28324.61328125 3262
29530.560546875 3262
67093.0078125 3268
66245.6015625 3268
59993.8359375 3268
94531.7265625 3274
27361.443359375 3268
77641.3359375 3274
71216.75 3274
66442.4375 3274
108518.1171875 3280
86668.609375 3280
82263.203125 3280
78932.7421875 3280
77580.84375 3280
42859.7734375 3280
104708.515625 3286
96466.390625 3286
91060.1015625 3286
85562.6953125 3286
80464.109375 3286
36461.4140625 3286
78691.921875 3292
122439.2734375 3292
86351.125 3292
35625.4140625 3292
62898.61328125 3298
39627.546875 3298
37205.109375 3298
81153.53125 3298
28212.69921875 3298
67929.828125 3304
62269.7109375 3304
35803.72265625 3304
33499.26953125 3304
27527.4765625 3304
69880.625 3310
35646.46484375 3310
33852.4609375 3310
32571.923828125 3310
34546.01171875 3310
33628.12890625 3310
64327.26171875 3316
77185.859375 3316
60678.078125 3316
31660.51171875 3316
60575.60546875 3316
81759.5390625 3322
68160.9453125 3322
66036.0625 3322
25264.0390625 3322
56293.96875 3322
69371.4296875 3328
131005.4609375 3328
66438.546875 3328
66364.6953125 3328
86825.1328125 3334
84421.21875 3334
82230.875 3334
71633.328125 3334
27152.458984375 3334
58769.4140625 3340
58373.984375 3340
50795.26171875 3340
48723.35546875 3340
18769.447265625 3340
17048.05859375 3340
50834.875 3346
56612.41796875 3346
31580.224609375 3346
59529.02734375 3352
27340.033203125 3352
69353.296875 3352
55773.77734375 3352
42777.65625 3357
94043.5546875 3352
23242.205078125 3357
50428.93359375 3361
25058.55078125 3357
28717.85546875 3361
81346.6484375 3361
72661.6171875 3361
27205.060546875 3361
23556.69140625 3361
40592.16796875 3367
26899.1171875 3367
67582.75 3373
27469.8046875 3367
53077.28515625 3373
49956.85546875 3377
20593.455078125 3373
47020.5234375 3378
30764.033203125 3378
64966.0859375 3377
51588.44921875 3384
20985.509765625 3377
79400.546875 3384
22321.482421875 3384
38512.6484375 3388
28791.833984375 3384
56694.12890625 3393
22902.740234375 3388
82110.359375 3394
19520.05078125 3393
26298.30078125 3393
50570.58203125 3394
45283.421875 3393
22959.0546875 3393
76779.1953125 3400
29307.8984375 3400
27165.958984375 3400
63427.984375 3400
143883.71875 3406
28764.21875 3400
36835.51171875 3406
35540.078125 3406
32987.3046875 3406
25259.53125 3406
76968.9140625 3412
72157.7734375 3412
71139.7890625 3412
38622.953125 3412
129546.9921875 3418
69137.09375 3418
42281.9453125 3418
40210.578125 3418
34672.859375 3418
41719.3125 3424
23575.37890625 3424
28460.220703125 3424
37419.08984375 3424
26826.1875 3424
79586.578125 3430
67686.015625 3430
39915.5 3430
96826.578125 3430
33770.40234375 3430
76357.03125 3436
60078.4765625 3436
36145.640625 3436
34635.07421875 3436
25431.498046875 3436
63626.6875 3442
25619.7421875 3436
38439.703125 3442
64181.67578125 3442
36672.5078125 3442
94893.4453125 3448
21318.4296875 3442
66741.5234375 3448
66099.46875 3448
62738.12890625 3448
29528.20703125 3448
16016.533203125 3448
69645.96875 3454
211900.34375 3454
92172.828125 3454
83920.703125 3460
32699.697265625 3454
72633.8203125 3460
83537.125 3460
73100.546875 3460
32322.939453125 3460
38058.21875 3460
78232.09375 3466
74748.7421875 3466
45451.78125 3466
44762.9140625 3466
43833.4765625 3472
43333.86328125 3472
100439.4765625 3472
100070.3125 3472
101557.96875 3478
71857.0546875 3478
67574.703125 3478
41965.671875 3478
40147.0234375 3478
34857.01953125 3478
22380.791015625 3478
83929.2890625 3484
64587.11328125 3484
59576.10546875 3484
41952.9140625 3484
30657.51953125 3484
67294.734375 3490
66254.75 3490
64937.26953125 3490
23033.609375 3490
34466.296875 3490
64425.37109375 3496
63723.1328125 3496
63596.34375 3496
68465.4765625 3502
64999.9765625 3502
58626.55859375 3502
100600.9765625 3502
54763.78125 3502
70989.6171875 3508
93487.734375 3502
49623.07421875 3508
111634.2109375 3508
88275.25 3508
59910.859375 3514
53603.28125 3514
30404.51953125 3514
53866.60546875 3514
29379.86328125 3514
28651.53125 3514
24336.490234375 3514
29287.6953125 3520
26742.08203125 3520
23238.55078125 3520
102716.671875 3526
57186.5546875 3526
44313.78515625 3526
36052.8125 3526
30440.314453125 3526
75875.2421875 3532
60131.90625 3532
58265.19140625 3532
224320.46875 3532
72057.3203125 3532
46086.11328125 3532
47167.3203125 3532
68693.6015625 3538
60561.4765625 3538
54228.9140625 3538
47242.7265625 3538
23185.40234375 3538
45773.95703125 3544
44238.17578125 3544
27096.439453125 3544
27073.322265625 3544
26424.171875 3544
53301.38671875 3550
49853.05859375 3550
28527.3203125 3550
55902.7734375 3556
20094.958984375 3550
49112.07421875 3556
73994.9609375 3556
75729.515625 3556
41848.1953125 3556
16372.529296875 3556
47287.7890625 3562
118430.1484375 3562
88596.6796875 3562
15404.7353515625 3562
23952.60546875 3562
45810.8359375 3568
67142.609375 3568
261444.171875 3568
16635.447265625 3568
23526.935546875 3568
33859.01171875 3574
51351.37109375 3574
45965.984375 3574
18573.359375 3574
23511.361328125 3580
22119.693359375 3580
113358.859375 3580
1119283.75 3580
59925.96484375 3580
47768.4296875 3587
53311.08984375 3586
71496.8828125 3586
37489.9296875 3587
77712.140625 3593
23179.28125 3587
64692.9453125 3593
392767.5625 3593
72425.9765625 3593
89321.3984375 3599
63817.92578125 3593
133312.4375 3599
259438.46875 3599
67245.5 3599
67031.078125 3599
24201.6953125 3599
49267.44140625 3605
59671.19140625 3605
55200.8203125 3605
43588.8203125 3605
20124.525390625 3605
47135.34765625 3611
305624.53125 3611
53103.03125 3611
17644.697265625 3611
63926.5390625 3617
53553.29296875 3617
54376.83203125 3617
6415079.5 3617
168836.828125 3617
51551.84375 3617
65499.390625 3623
411452.625 3623
137815.015625 3623
27156.60546875 3623
27708.525390625 3623
70175.5703125 3629
1047124.75 3629
659668.8125 3629
230023.421875 3629
73897.78125 3629
141296.46875 3635
138020.609375 3635
102048.9453125 3635
31254.759765625 3635
66578.328125 3635
892757.8125 3641
334931.125 3641
181783.109375 3641
28584.248046875 3641
653520 3641
200241.015625 3647
82319.0546875 3647
81165.5625 3647
138575.15625 3647
85019.7734375 3653
60188.9296875 3653
5482592.5 3653
312762.875 3653
222363.5 3653
145135.546875 3653
113431.421875 3659
684194.125 3659
100316.6484375 3659
31311.7109375 3659
27861.654296875 3659
57327.8203125 3665
149259.328125 3665
90784.96875 3665
90013.0546875 3671
28330.59375 3665
77681.796875 3671
192749.21875 3671
177083.484375 3671
161238.9375 3671
162357.75 3671
95563.9453125 3677
231151.21875 3677
159286.40625 3677
27432.552734375 3677
100177.0546875 3677
90322.3046875 3683
4438999 3683
261584.140625 3683
120328.2265625 3683
78562.5546875 3683
88590.0078125 3689
610350.5625 3689
270339.71875 3689
240368.515625 3689
74887.984375 3689
186639.953125 3695
129222.8984375 3695
118576.5625 3695
68025.375 3695
102112.515625 3695
102492.3984375 3701
196788.0625 3701
172621.21875 3701
80800.4609375 3701
96326.984375 3701
111150.8515625 3707
426861.5 3707
173694 3707
91252.8984375 3707
103654.4375 3707
107923.1015625 3713
4420136 3713
465160.78125 3713
244576.515625 3713
137875.4375 3713
180721.171875 3719
618588.125 3719
303218.71875 3719
141004.953125 3719
124240.0078125 3719
289329.3125 3725
398550.40625 3725
279219.25 3725
241202.984375 3725
110218.125 3725
149571.90625 3731
235117.171875 3731
161985.15625 3731
137392.265625 3731
113617.0234375 3731
135457.03125 3737
212603.046875 3737
409523.3125 3737
102287.8515625 3737
130869.171875 3737
126915.8359375 3743
4716835 3743
136956.421875 3743
119033.359375 3743
91301.109375 3743
143425.890625 3749
721028.1875 3749
367862.3125 3749
118483.3359375 3749
105499.7265625 3749
147740.296875 3755
1595196.625 3755
1297621.75 3755
637836 3755
296085.5625 3755
172651.53125 3761
546575.125 3761
230841.546875 3761
129659.1328125 3761
137203.765625 3761
152329.09375 3767
359926.9375 3767
129327.71875 3767
392123.1875 3767
110168.5546875 3767
148340.109375 3773
5156312 3773
966875.3125 3773
917078.5625 3773
104239.78125 3773
188811.65625 3779
1250401.375 3779
804930.0625 3779
211417.125 3779
113288.9453125 3779
165632.625 3785
727414.3125 3785
159965.96875 3785
96578.40625 3785
58387.59765625 3785
170879.78125 3791
482737.09375 3791
450232.46875 3791
155266.28125 3791
96981.3125 3791
244510.15625 3797
2313573.75 3797
259306.265625 3797
218343.59375 3797
169243.578125 3797
190048.03125 3803
730133.9375 3803
345280.3125 3803
165215.140625 3803
255232.375 3803
207450.609375 3809
1403403.5 3809
1232171.375 3809
1084719.125 3809
175689.59375 3809
176814.640625 3815
733571.6875 3815
213306.28125 3815
158648.953125 3815
143768.234375 3815
136605.453125 3821
653705.8125 3821
504415.65625 3821
382663.96875 3821
114951.359375 3821
147804.5 3827
721472.8125 3827
564460.3125 3827
129264.578125 3827
130269.84375 3827
131498.6875 3833
770160.5625 3833
211671.953125 3833
189967.78125 3833
202304.609375 3833
88467.6484375 3839
366707.90625 3839
361631.5 3839
289092.34375 3839
344071.59375 3839
115156.2265625 3845
792784.25 3845
318162.1875 3845
93589.6875 3845
47783.56640625 3845
140236.046875 3851
276125.90625 3851
208162.453125 3851
117722.3125 3851
108778.25 3851
142256.171875 3857
338198.6875 3857
849035.25 3857
145726 3857
208165.625 3857
130707.0859375 3863
4073731.25 3863
367045.9375 3863
205043.921875 3863
218877.328125 3863
126596.0703125 3869
1015549.9375 3869
301620.40625 3869
123161.921875 3869
60109.5625 3869
128150.9609375 3875
365028.65625 3875
119603.4765625 3875
96572.421875 3875
65643.65625 3875
85867.96875 3881
827140.5 3881
543307.5625 3881
316199.1875 3881
72920.5234375 3881
129394.2109375 3887
775406.625 3887
381848.71875 3887
88574.375 3887
847141.6875 3887
679387.75 3893
1788061.25 3893
356981.21875 3893
143403.234375 3893
60166.28515625 3893
187639.890625 3899
2335819.25 3899
575586.875 3899
297340.1875 3899
335606.46875 3899
233949.765625 3905
211215.0625 3905
162756.09375 3905
154014.84375 3905
144925.375 3905
124596.140625 3911
197781.109375 3911
136351.953125 3911
86194.3671875 3911
84363.296875 3911
83956.2578125 3917
693223.125 3917
425817.71875 3917
65334.08984375 3917
58227.19921875 3917
74368.5703125 3923
747428.625 3923
682449.125 3923
662628.1875 3923
316547.34375 3923
123521.2890625 3929
2310283.5 3929
1288240.625 3929
804931.875 3929
69272.4375 3929
157517.21875 3935
6437880 3935
277501.5 3935
178084.859375 3935
138865.828125 3935
132539.6875 3941
493594.875 3941
204373.078125 3941
127182.4921875 3941
127946.6015625 3941
137269.84375 3947
1087328.375 3947
627531.5625 3947
186124.640625 3947
87616.3359375 3947
141567.71875 3953
1532900.625 3953
523012.34375 3953
32644.755859375 3953
107941.3984375 3953
147023.875 3959
26162596 3959
536177.0625 3959
396251.71875 3959
331640.25 3959
230035.734375 3965
17068224 3965
563498.25 3965
470130.59375 3965
174282.859375 3965
167034.65625 3971
160990.671875 3971
154200.859375 3971
96529.1875 3971
138840.53125 3971
184640.59375 3977
833177.4375 3977
627194.875 3977
168396.40625 3977
84804.4765625 3977
155881.140625 3983
527831.4375 3983
491302.15625 3983
109137.1328125 3983
106842.859375 3983
135560.578125 3989
7219074.5 3989
277991.4375 3989
127998.90625 3989
147024.25 3989
159512.390625 3995
4984476 3995
634675.6875 3995
549711.5 3995
515024.4375 3995
153528.859375 4001
136849.328125 4001
134039.984375 4001
94766.6015625 4001
70808.03125 4001
253783.3125 4007
1862736.25 4007
1673844 4007
1155779.125 4007
177879.546875 4007
225897.640625 4013
972950.1875 4013
931294.3125 4013
168891.296875 4013
115283.171875 4013
124882 4019
180799.328125 4019
410805.15625 4019
114608.4453125 4019
71339.3046875 4019
149687.96875 4025
999400.5 4025
239497.640625 4025
80009.671875 4025
133159.84375 4025
128711.9140625 4031
2660990.5 4031
124243.4921875 4031
103197.84375 4031
100341.1640625 4031
133688.421875 4037
3324924.5 4037
133632.546875 4037
119937.2734375 4037
125040.875 4037
95653.9296875 4043
1651928.25 4043
967897.75 4043
254243.109375 4043
80785.3046875 4043
92230.3359375 4049
482539.21875 4049
383838.375 4049
83201.03125 4049
64563.12109375 4049
76227.015625 4055
673724.625 4055
189151.234375 4055
76175.84375 4055
68554.078125 4055
124598.6953125 4061
2153394.75 4061
880757.0625 4061
84236.7421875 4061
116513.390625 4061
124681.609375 4067
774012.125 4067
278856.34375 4067
105637.8203125 4067
85892.5546875 4067
99415.2109375 4073
1858878.375 4073
1266929 4073
451633.625 4073
10611.341796875 4073
130242.2109375 4079
1424997.75 4079
934290 4079
329424.4375 4079
14866.796875 4079
117230.6875 4085
1129517 4085
471403.84375 4085
244891.46875 4085
75891.6484375 4085
101292.8671875 4091
1875595.375 4091
714685.125 4091
403878.34375 4091
261744.859375 4091
160575.625 4097
656841.125 4097
464095.65625 4097
323631.875 4103
66147.71875 4097
136009.15625 4103
1054920.25 4103
442520.125 4103
291316.875 4103
101055.359375 4103
132813.578125 4109
408730.5 4109
267189.5 4109
231156.984375 4109
63869.55859375 4109
108553.953125 4115
1594548.25 4115
1349486 4115
49288.8828125 4115
150414.765625 4115
142333.328125 4121
672133.3125 4121
244824.890625 4121
97720.4609375 4121
125477.828125 4121
117273.625 4127
366542.8125 4127
248592.015625 4127
112937.0078125 4127
330834.0625 4127
186095.359375 4133
1571002.5 4133
1478379 4133
175433.09375 4133
169266.34375 4133
225161.90625 4139
383329.1875 4139
170912.296875 4139
128170.34375 4139
121636.1328125 4139
123318 4145
1241012.875 4145
800470.0625 4145
162270.796875 4145
120190.4296875 4145
129414.6171875 4151
587690.25 4151
180192.71875 4151
113131.703125 4151
104553.8125 4151
91484.2734375 4157
532263.3125 4157
252903.125 4157
123520.078125 4157
77094.3671875 4157
73731.203125 4163
1193317.25 4163
325580.875 4163
229381.640625 4163
246652 4163
402941.78125 4169
1011281.125 4169
911763.25 4169
452979.28125 4169
196779.125 4169
148282.59375 4175
1333270.875 4175
121849.4375 4175
82218.3125 4175
51301.84375 4175
75357.6015625 4181
238011.546875 4181
240145.140625 4181
155114.96875 4181
101916.5625 4181
97262.2890625 4187
118376.0625 4187
82910.75 4187
47891.00390625 4187
55561.9609375 4187
68785.4296875 4193
571426 4193
297182.0625 4193
64933.6015625 4193
163788.9375 4193
99943.046875 4199
12639383 4199
345605.84375 4199
226647.171875 4199
160500.59375 4199
79032.8125 4205
301553.6875 4205
183079.96875 4205
163884.078125 4205
62180.33203125 4205
107587.59375 4211
977968.9375 4211
200936.75 4211
64545.00390625 4211
130832.296875 4211
91725.2578125 4217
135511.4375 4217
115970.8828125 4217
73644.2265625 4217
72456.5546875 4217
74348.078125 4223
319118.15625 4223
184518.3125 4223
55211.44921875 4223
70038.0625 4223
74183.390625 4229
8790385 4229
1047329.5625 4229
238459.78125 4229
34353.87109375 4229
66721.8515625 4235
169064.015625 4235
135214.046875 4235
97757.765625 4235
61061.9375 4235
87236.84375 4241
1922823.875 4241
892048.625 4241
651869.875 4241
287242.59375 4241
289948 4247
198270 4247
198261.84375 4247
94574.1484375 4247
102670.4921875 4247
227673.671875 4253
403131.125 4253
349069.28125 4253
215144.421875 4253
115539.390625 4253
178612.1875 4259
131308976 4259
953273.875 4259
131116.390625 4259
111769.3828125 4259
269458.65625 4265
261241.578125 4265
195232.28125 4265
119288.71875 4265
44240.41796875 4265
124393 4271
13183459 4271
515782.09375 4271
455725.40625 4271
370977.46875 4277
310731.8125 4277
1029321.5625 4277
391709.5 4277
202815.078125 4277
160277.328125 4277
232961.671875 4283
455208.9375 4283
410926.6875 4283
333375.5 4283
320781.0625 4283
178232.703125 4289
53938776 4289
1704188.625 4289
236174.640625 4289
200117.609375 4295
176465.640625 4295
3520842.5 4295
2346486.5 4295
122928.7734375 4295
126786.9453125 4295
182986.625 4301
4339718 4301
176325.578125 4301
141752 4301
58388.4765625 4301
160073.34375 4307
357265.75 4307
158564.6875 4307
120796.90625 4307
87025.3125 4307
120723.0859375 4313
225796.765625 4313
107824.1875 4313
102902.34375 4313
75605.5078125 4313
134008.859375 4319
24740918 4319
226259.09375 4319
109031.765625 4319
102574.8984375 4319
140823.828125 4325
6436922.5 4325
908968.75 4325
140476.0625 4325
67252.84375 4325
231953.59375 4331
602862.5 4331
191197.453125 4331
111099.65625 4331
116606.5390625 4331
183051.84375 4337
4395410.5 4337
234217.625 4337
139902.296875 4337
301335.875 4337
197581.859375 4343
319630.84375 4343
196872.234375 4343
150321.453125 4343
169609.390625 4343
165894.734375 4349
140506.921875 4349
128620.4140625 4349
124830.1640625 4349
66257.0546875 4349
132599.828125 4355
24104892 4355
1255623.875 4355
187408.25 4355
258701.40625 4355
143651.90625 4361
262681.6875 4361
220309.5 4361
140255.84375 4361
80384.46875 4361
114360.484375 4367
1974577.375 4367
215064.921875 4367
185968.5 4367
66154.7578125 4367
178803.828125 4373
231402.03125 4373
221710 4373
83198.6953125 4373
150207.859375 4373
193239.125 4379
114599.09375 4379
103312.828125 4379
561719.0625 4379
69604.0078125 4379
100481.765625 4385
6579639 4385
201289.40625 4385
47851.3359375 4385
84936.1484375 4385
80749.390625 4391
294349.34375 4391
263347.40625 4391
196769.9375 4391
208097.9375 4391
146976.609375 4397
824459.4375 4397
156154.9375 4397
128108.078125 4397
98366.7421875 4397
115975.203125 4403
1089171.5 4403
260506.21875 4403
250677.296875 4403
102994.578125 4403
125389.03125 4409
499814.3125 4409
310976.6875 4409
132066.953125 4409
89574.6640625 4409
133828.890625 4415
552894.5625 4415
160626.484375 4415
77115.6171875 4415
73021.8984375 4415
100927.1640625 4421
130226.6015625 4421
89496.7890625 4421
127402.671875 4421
49792.28125 4421
72906.09375 4427
747495.125 4427
3240723.25 4427
498840.375 4427
253874.34375 4427
151442.90625 4433
223606.1875 4433
107484.2265625 4433
105303.171875 4433
45544.25390625 4433
73127.765625 4439
1316570 4439
688817.5 4439
328187.71875 4439
276038.84375 4439
253471.453125 4445
355957.75 4445
242268.859375 4445
160724.390625 4445
125133.671875 4445
123738.3125 4451
873628.6875 4451
430758.59375 4451
115325.484375 4451
122612.2734375 4451
98214.5234375 4457
3179025.5 4457
441623.03125 4457
94212.421875 4457
137871.375 4457
93257.7265625 4463
2782772.5 4463
417485.59375 4463
295094.375 4463
129637.140625 4463
108454.1953125 4469
709914.25 4469
130026.1953125 4469
82068.46875 4469
60720.40234375 4469
106431.71875 4475
1307497.125 4475
486244.65625 4475
299478.125 4475
295619.25 4475
242243.3125 4481
824350.6875 4481
309821.75 4481
169119.171875 4481
105679.828125 4481
105011.4296875 4487
4415164.5 4487
1189705.75 4487
161368.03125 4487
103754.7265625 4487
73739.328125 4493
7660640.5 4493
132184.828125 4493
50555.37890625 4493
53847.15234375 4493
60788.7265625 4499
3726289.75 4499
1572491.25 4499
731301.625 4499
26053.21484375 4499
150848.046875 4505
679920.875 4505
90175.03125 4505
55492.1484375 4505
59478.171875 4505
132689.0625 4511
499423.5 4511
145058.1875 4511
99497.7734375 4511
77975.8046875 4511
196755.921875 4517
7050142.5 4517
186181 4517
760710 4523
410328.1875 4523
298593.09375 4523
193132048 4523
289858.625 4523
780848.6875 4529
189804.828125 4523
314473.78125 4529
1137260.375 4529
300766.75 4529
67472.7421875 4529
233671.515625 4535
207990.640625 4535
25036898 4535
1315711.875 4535
761579.875 4535
89021.609375 4535
367826.71875 4541
2891047.25 4541
646847.5 4541
425676.0625 4541
208570.40625 4541
207126.96875 4547
70376448 4547
206457.4375 4547
382361.59375 4553
296785.90625 4553
166105.03125 4553
97839384 4553
151298.53125 4553
71411.515625 4553
221333.328125 4559
182751.53125 4559
805736.6875 4559
561787.0625 4559
63763.953125 4559
270637.59375 4559
207983 4565
8761191 4565
180142.78125 4565
120741.21875 4565
166263.0625 4565
143727.328125 4571
3269130.25 4571
441491.84375 4571
392175.46875 4571
97060.40625 4571
239283.609375 4577
23388142 4577
166703.21875 4577
103245.671875 4577
138832.09375 4577
193259.359375 4583
44997724 4583
358044.71875 4583
112056.4921875 4583
104651.1171875 4583
201879.171875 4589
5512845 4589
163964.84375 4589
144603.21875 4589
134894.125 4589
194734.625 4595
1488782.75 4595
488267.65625 4595
556411.25 4601
110643.328125 4595
154624.75 4601
76441920 4601
213207.59375 4601
142053 4601
80779.921875 4601
235373.40625 4607
198131.828125 4607
181934.734375 4607
166116.4375 4607
190527.265625 4613
189763 4613
8136108.5 4613
1512348.125 4613
435352.25 4613
112781.8515625 4613
134190.328125 4619
7968087.5 4619
398245.78125 4619
317478.9375 4619
270662.6875 4619
191164.65625 4625
437868.15625 4625
250937.859375 4625
240658 4631
69659.15625 4625
120844.3203125 4631
26698118 4631
243172.609375 4631
77209.8828125 4631
120424.796875 4631
115386.3203125 4637
742594.9375 4637
142891.765625 4637
33590.47265625 4637
104714.2265625 4637
84798.578125 4643
6778389 4643
485943.21875 4643
342450.0625 4643
110261.28125 4643
117223.3359375 4649
2908143.25 4649
449378.125 4649
242646.515625 4649
31248.453125 4649
80629.65625 4655
209093.90625 4655
131788.640625 4655
46493.41796875 4655
63627.3984375 4655
76113.6328125 4661
581488.9375 4661
429092.96875 4661
47168.88671875 4661
72308.578125 4661
57778.2578125 4667
287976.34375 4667
98364.7734375 4667
57298.73828125 4667
42653.875 4667
80967.0078125 4673
2144530.25 4673
372228.96875 4673
25737.095703125 4673
62646.16796875 4679
59761.5 4679
384807.3125 4679
99866.0859375 4679
14003716 4679
1719010.5 4679
121372.2578125 4685
740874.0625 4685
307524.78125 4685
181722.59375 4685
98089.1328125 4685
108926.5625 4691
131423.859375 4691
371287.625 4691
59325.3203125 4691
26237.703125 4691
66110.828125 4697
403615.53125 4697
234019.125 4697
213344.703125 4697
52462.09765625 4697
86249.1015625 4703
128654.1328125 4703
96295.71875 4703
26746.298828125 4703
54794.92578125 4709
49628.94140625 4709
419198.6875 4709
398420.625 4709
313729.4375 4709
137999.03125 4709
143067.328125 4715
6386586.5 4715
946933.8125 4715
701815.1875 4715
311019.0625 4715
151602.828125 4721
429885.4375 4721
129370.453125 4721
70339.0390625 4721
60877.375 4721
73430.21875 4727
64737.60546875 4727
95950 4727
43164.3671875 4727
89239.1015625 4733
83750.1796875 4733
152633.546875 4733
81240.8359375 4733
64829.16796875 4733
73118.703125 4733
66678.6328125 4739
525563.125 4739
406593.9375 4739
43384.78125 4739
24337.66796875 4739
59567.11328125 4745
3502528.75 4745
1827909.625 4745
337768 4745
15220.205078125 4745
124494.1796875 4751
687057.5625 4751
327243.15625 4751
203525.328125 4751
184720.203125 4751
134846.765625 4757
100313.2421875 4757
88182.8046875 4757
51737.7890625 4757
166891.8125 4757
89831.3984375 4763
1058290.5 4763
142791.421875 4763
68271.7109375 4763
44577.59765625 4763
95838.1171875 4769
343896.96875 4769
81036.2734375 4769
70564.40625 4769
59858.78515625 4769
120859.4296875 4775
1450900.875 4775
479251.96875 4775
164745.046875 4781
113126.6875 4775
142605.53125 4781
41408916 4781
374138.875 4781
329801.65625 4781
67460.6640625 4781
112695.25 4787
2364320 4787
14672036 4787
105970.6015625 4787
119792.4765625 4793
99248.9765625 4793
405224.28125 4793
216038.375 4793
182147.171875 4793
77326.65625 4793
88511.921875 4799
262971.5625 4799
72948.671875 4799
257969.21875 4805
63697.09375 4799
683030.75 4805
98864.7734375 4805
85613.7421875 4805
64163.86328125 4805
60425.58984375 4805
60883.015625 4811
13482712 4811
288593.5625 4811
174235.5625 4811
82267.421875 4811
80645.4453125 4817
720707.375 4817
392926.59375 4817
227560.9375 4817
175554.125 4817
64935.62109375 4823
10521069 4823
145262.640625 4823
63776.6953125 4823
25035.064453125 4823
79126.0703125 4829
196008.296875 4829
99350.234375 4829
67109.5234375 4829
49129.5703125 4829
69763.828125 4835
755377.1875 4835
350291.875 4835
160504.328125 4835
113556.65625 4841
98453.609375 4841
105277.609375 4841
68425.671875 4841
57750.46875 4841
91727 4847
71965.5859375 4847
322525.53125 4847
89639.5078125 4847
51269.12109375 4847
45290.95703125 4847
76203.5078125 4853
13631200 4853
547251.8125 4853
159138.796875 4853
60898.08984375 4853
85935.9453125 4859
788212 4859
741580.75 4859
518399.375 4859
140857.3125 4859
94390.984375 4865
732725.5 4865
187613.3125 4865
21466.66796875 4865
73354.7578125 4865
86465.140625 4871
124289.1171875 4871
100824.828125 4871
83003.015625 4871
52161.0390625 4871
73842.1875 4877
411022.46875 4877
130709.7421875 4877
38642.46484375 4877
48187.234375 4877
69818.015625 4883
10846210 4883
286569.0625 4883
57389.37109375 4883
68248.0234375 4883
72257.0625 4889
302555.25 4889
246621.46875 4889
57669.78515625 4889
4997695 4889
73247.859375 4895
775457.625 4895
328872 4895
232206.5 4895
71770.625 4895
75986.5078125 4901
133739.53125 4901
75619.734375 4901
54496.43359375 4901
72124.578125 4901
52754.765625 4907
501843.25 4907
162857.84375 4907
15262.234375 4907
76968 4907
79043.71875 4913
15834024 4913
95488.2265625 4913
85528.8359375 4913
49310.94921875 4913
59285.5 4919
362650.1875 4919
70552.953125 4919
56819.51953125 4919
23504.365234375 4919
60517.3125 4925
3891385.25 4925
1101073.5 4925
285993.34375 4925
54667.41015625 4925
53704.98828125 4931
558121.625 4931
404104.59375 4931
137266.5625 4931
138916.296875 4931
82994.703125 4937
164198.234375 4937
133709.203125 4937
51200.72265625 4937
55896.578125 4937
102607.8984375 4943
20329168 4943
130736.171875 4943
94365.125 4943
90165.78125 4943
71779.3984375 4949
227636.609375 4949
73925.9609375 4949
52463.58203125 4949
70358.7265625 4949
100908.59375 4955
4207870 4955
139816.578125 4955
129323.9453125 4961
60630.44921875 4955
94672.2890625 4961
14850852 4961
293670.625 4961
67097.1953125 4961
60786.91015625 4961
54574.33984375 4967
13374524 4967
68798.0859375 4967
14198.9599609375 4967
65946.15625 4973
59899.44921875 4973
194380.765625 4973
56562.3046875 4973
17972.01171875 4973
60468.234375 4979
50740.3125 4979
123429.2890625 4979
88523.4765625 4979
21689.384765625 4979
25233.30859375 4979
67161.5703125 4985
6692236 4985
182981.609375 4985
47512.38671875 4985
59157.95703125 4985
55482.875 4991
5067452 4991
52087.17578125 4991
58397.5625 4997
47217.48828125 4991
47113.07421875 4997
3953422.75 4997
305504.78125 4997
15097.234375 4997
15141.3193359375 4997
73165.546875 5003
282663.5 5003
107677.7890625 5003
173273.328125 5009
149347.578125 5009
89795.3203125 5009
236944.953125 5009
183663.1875 5009
67642.359375 5009
23076.4140625 5009
52831.6796875 5015
6794922 5015
146155.53125 5015
67044.734375 5015
49422.97265625 5015
56310.75390625 5021
3166497.5 5021
175219.4375 5021
98000.78125 5021
22583.37109375 5021
41209.44140625 5027
2386961 5027
68148.421875 5027
37796.29296875 5027
28464.76953125 5027
45199.484375 5033
892721.875 5033
71122.9453125 5033
87911.203125 5039
68776.8984375 5039
60835.5703125 5039
244916.21875 5039
81874.3984375 5039
55143.51171875 5045
20018.138671875 5039
39262.3828125 5045
3669220 5045
292120.53125 5045
22771.69140625 5045
18316.2421875 5045
51673.4453125 5051
65352.29296875 5051
42234.04296875 5051
41014.68359375 5051
12322.716796875 5051
43579.9765625 5057
1323554.375 5057
303176.59375 5057
40174.93359375 5057
16021.1826171875 5057
28844.419921875 5063
747793.9375 5063
246246.734375 5063
36330.890625 5063
16328.904296875 5063
140439.0625 5069
59255.734375 5069
18693.03515625 5069
87542.8828125 5069
35303.70703125 5074
74999.9296875 5074
3090391.5 5074
30828.23828125 5074
36745.34375 5074
33936.90234375 5080
185965.28125 5080
73340.2578125 5080
48341.7890625 5080
15895.96484375 5080
33169.046875 5086
975308.6875 5086
365915.6875 5086
124780.7109375 5086
108233.1796875 5086
52939.078125 5092
3151687 5092
797897.6875 5092
85313.703125 5092
34616.21484375 5092
41628.984375 5098
154991.28125 5098
38221.265625 5098
17655.564453125 5098
16115.009765625 5098
34533.7890625 5104
119261.9921875 5104
99108.625 5104
87149.4296875 5104
16003.7626953125 5104
42394.73828125 5110
2602856.75 5110
206932.4375 5110
77805.53125 5110
14117.943359375 5110
35945.7890625 5116
33179.59765625 5116
23951.72265625 5116
19824.16015625 5116
13465.6572265625 5116
31325.533203125 5122
1676315.125 5122
363835.65625 5122
117108.84375 5122
76054.453125 5122
49563.61328125 5128
545616.3125 5128
163940.875 5128
16798.54296875 5128
32181.923828125 5134
17084.111328125 5134
113874.765625 5134
80368.75 5134
27847.75390625 5134
42693.53515625 5140
37971.59375 5140
2887593.25 5140
41036.0546875 5140
9899.076171875 5140
14913.673828125 5140
44125.4921875 5146
168902.171875 5146
137597.5 5146
66693.53125 5146
34757.80859375 5146
1269610 5152
1208877.75 5152
945189.25 5152
104857 5152
80592.53125 5152
62383.56640625 5158
553700.5625 5158
314630.21875 5158
216636.625 5158
288853.15625 5158
52189.78125 5164
79562.3515625 5164
199559.65625 5164
49887.0546875 5164
41745.61328125 5164
43942.78125 5170
3837349.5 5170
289445.53125 5170
60777.328125 5170
64584.64453125 5170
50557.5078125 5176
3479344.25 5176
907530.75 5176
47300.41015625 5176
42911.1796875 5176
53274.93359375 5182
1268345.625 5182
1034428.5 5182
13199.6826171875 5182
23837.7265625 5182
20722.087890625 5188
146822.15625 5188
49649.83203125 5188
16025.8076171875 5188
24413.1953125 5194
23169.423828125 5194
524776.5625 5194
301055.125 5194
280388.9375 5194
66457.8125 5194
19924.9765625 5200
3866628.75 5200
176045.171875 5200
124478.5 5200
57942.54296875 5200
20359.236328125 5206
3730337.25 5206
54215.74609375 5206
17575.703125 5206
16893.2265625 5206
39010.9375 5212
886808 5212
423327.4375 5212
74611.984375 5212
50255.06640625 5212
43496.12890625 5218
887259.375 5218
158146.203125 5218
21342.642578125 5218
50328.58203125 5224
43929.203125 5224
424083 5224
328199.75 5224
33227.82421875 5224
21716.701171875 5224
38937.8125 5230
2184707.25 5230
356998.125 5230
129958.265625 5230
75679.4765625 5230
56562.25390625 5236
129375.2890625 5236
65112.91015625 5236
17940.369140625 5236
11027.7021484375 5236
24270.30078125 5242
875209.4375 5242
43825.56640625 5242
177307.5625 5242
20352.427734375 5242
44490.24609375 5248
1150649.125 5248
926662.875 5248
261743.734375 5248
96902.8046875 5248
54113.37890625 5254
1112616 5254
955173.9375 5254
247850.53125 5254
189804.015625 5254
56018.0859375 5260
49740.9765625 5260
327006.0625 5260
48789.01953125 5260
23148.2265625 5260
42166.98046875 5266
186598.65625 5266
117846.5546875 5266
104433.8828125 5266
13586.359375 5266
49384.0234375 5272
1227079.875 5272
59897.3828125 5272
19586.8125 5272
18092.681640625 5272
163496.9375 5278
429081.09375 5278
65644.875 5278
11552.205078125 5278
44169.99609375 5278
40318.6796875 5284
1361136.625 5284
421015.5 5284
233333 5284
16181.3896484375 5284
59814.7578125 5290
319927.875 5290
242463.828125 5290
203337.828125 5290
11676.740234375 5290
38092.4765625 5296
178162.359375 5296
116987.890625 5296
21075.603515625 5296
70749.1953125 5296
39793.625 5302
1351981 5302
92310.171875 5302
12675.42578125 5302
37832.6640625 5308
316777.90625 5308
259021.25 5308
56384.29296875 5308
48562.5234375 5313
41983.59375 5308
136238.390625 5313
59091.22265625 5313
18008.96875 5313
19451.0546875 5313
40714.65234375 5319
234824.90625 5319
228695.734375 5319
191382.375 5319
37261.06640625 5319
44682.17578125 5325
299834.0625 5325
41668.95703125 5325
13442.76953125 5325
21915.001953125 5325
52745.97265625 5331
113446.453125 5331
70177.5078125 5331
76262.2734375 5331
48526.30078125 5331
66587.15625 5337
94378.328125 5337
54661.19921875 5337
52598.94921875 5337
42719.8515625 5337
49928.61328125 5343
74477.0703125 5343
59414.25390625 5343
41290.53515625 5343
48258.41796875 5343
44524.41015625 5349
241099.546875 5349
72585.640625 5349
38075.2734375 5349
18881.7578125 5349
21421.267578125 5355
223210.90625 5355
166640.578125 5355
122481.875 5355
34345.53125 5355
53574.31640625 5361
147671.59375 5361
115863.5546875 5361
81670.1875 5361
13430.552734375 5361
67338.1640625 5367
358763.15625 5367
49476.56640625 5367
20345.841796875 5367
11832.115234375 5367
40780.1484375 5373
363817.3125 5373
78696.109375 5373
39508.453125 5373
11387.8046875 5373
61045.2421875 5379
108597.40625 5379
450087.6875 5379
21828.544921875 5379
78805.234375 5379
56844.8359375 5385
150375.9375 5385
44432.84765625 5385
55742.71875 5391
16759.44921875 5385
50633.859375 5391
124274.84375 5391
1917958.5 5391
42654.98046875 5391
45943.59765625 5391
53849.6875 5397
329168.875 5397
163135.390625 5397
144778.4375 5397
20637.388671875 5397
44600.32421875 5403
92886.328125 5403
43860.30859375 5403
24311.212890625 5403
39933.5703125 5403
212567.375 5409
154445.703125 5409
92023.59375 5409
61200.265625 5409
90979.6328125 5409
59097.15625 5415
444133.65625 5415
146276.640625 5415
52859.52734375 5415
57170.55078125 5415
67245.125 5421
122715.3046875 5421
64743.328125 5421
61383.84375 5427
47242.8515625 5421
47319.2265625 5427
111847.0703125 5427
89463.59375 5427
19786.23046875 5427
25797.240234375 5427
66303.0546875 5433
70550.7890625 5433
311529.6875 5433
55946.71484375 5433
40563.63671875 5433
95496.3359375 5439
198166.875 5439
96227.828125 5439
95164.3046875 5439
58381.671875 5439
101152.1328125 5445
463393.75 5445
126820.296875 5445
92110.9140625 5445
59502.11328125 5445
708139.4375 5451
636908.4375 5451
509172.65625 5451
135158.265625 5451
726028.1875 5451
70550.2890625 5457
68020.2109375 5457
65419.77734375 5457
55837.61328125 5457
50905.1484375 5457
85094.96875 5463
190248.140625 5463
191399.90625 5463
153403.828125 5463
74015.1328125 5463
100722.1015625 5469
469896 5469
259565.25 5469
244792.0625 5469
208432.796875 5469
133554.328125 5475
440001.46875 5475
137066.890625 5475
80533.1640625 5475
104993.8125 5475
80047.6171875 5481
499648.15625 5481
247082.671875 5481
58717.37109375 5481
131304.65625 5481
115598.1015625 5487
543009.6875 5487
114288.25 5487
46070.01171875 5487
101825.2734375 5487
585513.75 5493
445614.46875 5493
119924.078125 5493
62253.0703125 5493
48276.1640625 5493
134037.34375 5499
170335.84375 5499
151002.9375 5499
116553.734375 5499
16401.802734375 5499
114085.8828125 5505
689582.25 5505
423176.8125 5505
238426.1875 5505
266681.46875 5505
143008.21875 5511
512983.71875 5511
290356.625 5511
135706.9375 5511
96821.0546875 5511
138595.15625 5517
785942.625 5517
571834.125 5517
79746.671875 5517
129451.3515625 5517
110344.03125 5523
438390.53125 5523
389303.625 5523
187394.125 5523
109741.1484375 5523
98030.171875 5529
123854.125 5529
87783.09375 5529
83226.734375 5529
65953.3828125 5529
120662.59375 5535
563740.9375 5535
175527.28125 5535
81428.5546875 5535
119401.328125 5535
156881.53125 5541
688231.6875 5541
553634.1875 5541
330964.375 5541
261395.75 5541
292208.09375 5547
709312.5625 5547
675073.5625 5547
154776.078125 5547
112543.6328125 5547
212256.234375 5553
445188.84375 5553
190589.9375 5553
125993.2109375 5553
134772.96875 5553
158089.9375 5559
376894.46875 5559
152554.703125 5559
138817.25 5559
139027.96875 5559
155565 5565
807281.25 5565
456284.625 5565
144983.125 5565
134168.578125 5565
130036.6953125 5571
1242643.125 5571
695876.1875 5571
528883.5 5571
513835.65625 5571
197302.703125 5577
853477.375 5577
780508.5625 5577
744025.75 5577
312460.3125 5577
219971.5625 5583
570737.625 5583
427350.125 5583
329239.875 5583
206499.78125 5583
298651.71875 5589
507641.40625 5589
259347.5 5589
219321.484375 5589
179734.90625 5589
172796.34375 5595
321352.59375 5595
143721.015625 5595
38804.17578125 5595
97293.9375 5595
195792.4375 5601
1613848.625 5601
1198806.375 5601
592604 5601
131967.421875 5601
297192.625 5607
2776853 5607
1534775.5 5607
706922.5625 5607
253545.234375 5607
567612.9375 5613
434363.59375 5613
431815.59375 5613
273013.6875 5613
337274.6875 5613
458216.46875 5619
4766261 5619
3604611.75 5619
1475091.75 5619
612040.5 5619
439625.5 5625
418278.84375 5625
405986.4375 5625
355944.8125 5625
375533.6875 5625
352390.4375 5631
1793335.5 5631
1709523.75 5631
333910.09375 5631
231074.578125 5631
269873.375 5637
1436221.875 5637
1060125.75 5637
196726.453125 5637
226100.09375 5637
283589.9375 5643
5399479 5643
1069161 5643
807136.1875 5643
191000.546875 5643
396769.34375 5649
1135038.125 5649
584069.0625 5649
168404.421875 5649
80961.921875 5649
263210.4375 5655
1203316.25 5655
664333.5 5655
216316.515625 5655
175851.234375 5655
285143.34375 5661
983296.0625 5661
481016.40625 5661
153190.296875 5661
261491.171875 5661
307553.9375 5667
1414983.5 5667
597582.8125 5667
521441.5625 5667
54600.65234375 5667
337926.59375 5673
2425559.5 5673
2140694.75 5673
1459426.5 5673
210174.171875 5673
327415.71875 5679
350380.28125 5679
314951.4375 5679
282686.53125 5679
148428.03125 5679
286704.9375 5685
1016170.125 5685
736793.125 5685
206882.1875 5685
424638.53125 5685
352142.78125 5691
677355 5691
516710.90625 5691
254875.984375 5691
190747.71875 5691
270076.21875 5697
1828228.25 5697
1032258.1875 5697
415627.84375 5697
160803.28125 5697
232801.765625 5703
415181.65625 5703
314050.125 5703
184524.96875 5703
164151.953125 5703
184670.5 5709
736533.125 5709
177473.46875 5709
334618.75 5715
65637.328125 5709
149751.859375 5715
5028361 5715
3723349 5715
520663.03125 5715
363793.21875 5715
348318.34375 5721
4266542.5 5721
797489 5721
358678.84375 5721
43424.34375 5721
181590.90625 5727
4075455.25 5727
184084.515625 5727
58201.7890625 5727
144327.078125 5727
125920.9609375 5733
809495.6875 5733
312329.1875 5733
199837.375 5733
197461.171875 5739
144323.828125 5739
126398.1484375 5739
123647.09375 5739
44144.3984375 5739
58674.1953125 5739
135657.078125 5745
1128003.875 5745
324360.59375 5745
125109.8046875 5745
85096.421875 5745
66638.6328125 5751
1431658.875 5751
1084271.875 5751
444224.9375 5751
218298.53125 5751
272298.96875 5757
656344.25 5757
179747.296875 5757
168403.125 5757
54580.296875 5763
53586.6953125 5763
273377.6875 5763
236390.578125 5763
148239.21875 5763
49965.36328125 5763
65060.03125 5769
61398.19140625 5769
59682.3359375 5769
51557.578125 5769
56820.39453125 5769
43785.6328125 5775
722801.125 5775
48447.54296875 5775
61940.203125 5781
41261.2890625 5775
52705.58984375 5781
780732.75 5781
575224.3125 5781
165944.625 5781
76915.0234375 5787
220900.265625 5787
302447.125 5787
145328.15625 5787
195712.5625 5793
9830794 5787
634301.3125 5793
570027.9375 5793
497962.96875 5793
3346725 5793
1759316.75 5793
1484769.25 5799
316573.5625 5799
365301.15625 5799
214768.4375 5799
191553 5799
167088.234375 5805
168329.796875 5805
92382.0859375 5805
56041.6015625 5805
66359.359375 5805
82839.5390625 5811
148374.40625 5811
74050.171875 5811
162274.53125 5817
146465.4375 5817
93178.59375 5817
2208917.75 5817
566025.875 5817
54817.75 5817
244481.828125 5817
91941.609375 5823
5317344 5823
313998.59375 5823
287551.96875 5823
194777.921875 5829
28356396 5829
4473620.5 5829
685063.8125 5829
341788.65625 5829
670828.0625 5829
443167.0625 5835
397198.6875 5835
396675.53125 5835
210672.84375 5835
78393.0703125 5835
277632.34375 5841
639503.0625 5841
216646.59375 5841
63612.6953125 5841
80548.828125 5841
178713.84375 5847
1228013.125 5847
662911.9375 5847
457347.65625 5847
240913.1875 5847
181170.265625 5853
4780096 5853
480087.84375 5853
193998.390625 5853
87566.6484375 5853
234041.796875 5859
6931634.5 5859
1212933.875 5859
416300.75 5859
104133.953125 5859
303477.15625 5865
2932660.75 5865
471066.84375 5865
341776.625 5865
175130.21875 5865
421443.5 5871
1725925.625 5871
411165.40625 5871
386023.53125 5871
597800.1875 5871
654892.0625 5877
565219 5877
511978.15625 5877
2492450.25 5877
361523.6875 5877
419830.34375 5883
5073486 5883
3995409 5883
1827482.875 5883
278349.3125 5883
404294.4375 5889
6471510.5 5889
689501.9375 5889
374750.46875 5889
327185.65625 5889
485351.6875 5895
1282458.875 5895
482473.25 5895
2082752.5 5895
374726.25 5895
659277.6875 5901
3156272.75 5901
632449.9375 5901
452899.65625 5901
467725.21875 5901
624886.75 5907
1628141.125 5907
725012.8125 5907
458845.125 5907
421749.21875 5907
737137.875 5913
2067709.5 5913
1373854.25 5913
652423 5913
396330.40625 5913
454437.5625 5919
32598588 5919
2553962.5 5919
748064.5625 5919
309515.1875 5919
564557.5 5925
817842.5 5925
557064.9375 5925
545442.75 5925
525332.5625 5925
521982.21875 5931
1788542.375 5931
1214352.5 5931
772921.25 5931
396973 5931
486755.46875 5937
1963298.25 5937
470687.5625 5937
274625 5937
422715.4375 5937
554316 5943
562748.375 5943
548957.4375 5943
475027.9375 5943
347072 5943
626155.875 5949
20839868 5949
3519317.25 5949
1574658.5 5949
383313.5625 5949
601567.9375 5955
6648953 5955
4497693 5955
382713.6875 5955
16495307 5955
3250281.75 5961
1805004.5 5961
1432399 5961
439845.5625 5961
675088.75 5961
633107.6875 5967
12432361 5967
9639062 5967
2918645 5967
494742.84375 5967
1124844.875 5973
1102824.5 5973
736169.3125 5973
321448.46875 5973
478258.59375 5973
640038.75 5979
10454732 5979
1597867.25 5979
587905.375 5979
355006.5 5979
521704.8125 5985
5060737.5 5985
2843304.25 5985
3101932 5985
1735103.875 5985
1166587.125 5991
4499652.5 5991
4364824.5 5991
2376335.25 5991
735434.75 5991
1170484 5997
27035014 5997
3016303 5997
790132 5997
1566864.5 5997
1215584.375 6003
8515680 6003
4755497.5 6003
2373684.25 6003
1067714.375 6003
1665742 6009
1010284.8125 6009
719251.6875 6009
309754.6875 6009
625763.625 6009
564650.125 6015
6626213.5 6015
554355.8125 6015
524176.25 6015
496032.5625 6015
414886.34375 6021
21844102 6021
15396989 6021
2278504 6021
112575.5546875 6021
653886.3125 6027
4558073.5 6027
3887844 6027
1591869.875 6027
1447747.375 6027
1105730 6033
10297384 6033
6085294 6033
3194257.25 6033
1531621 6033
850170.125 6039
36835348 6039
2301887.5 6039
1734641.75 6039
790867.375 6039
810055.5 6045
44981304 6045
4617971.5 6045
648168.9375 6045
590430.6875 6045
656274.375 6051
6231255.5 6051
843184.1875 6051
631156.625 6051
2082078.75 6051
690078 6057
4264696.5 6057
1432173.125 6057
1218199.625 6057
646843.0625 6057
550569.6875 6063
15284428 6063
2718123 6063
877803.5625 6063
792297.25 6063
696130.25 6069
9533541 6069
4892222.5 6069
1134255 6069
584275.5 6069
546453 6075
25629524 6075
1275339.875 6075
478000.65625 6075
392797.78125 6075
375170.84375 6081
3749375.75 6081
1697307.25 6081
272237.1875 6081
310048.21875 6081
368507.9375 6087
5643409 6087
4901535 6087
3328850.25 6087
909988.5 6087
685436.875 6093
6247661.5 6093
1465831.375 6093
534543.5 6093
167229.0625 6093
437221.125 6099
42505920 6099
1938241.5 6099
1034444.375 6099
435224.875 6099
523997.96875 6105
29110984 6105
12219902 6105
368540.25 6105
348130.5 6105
532582.1875 6111
3155306.75 6111
2124708.5 6111
372145.6875 6111
403903.78125 6111
517009.875 6117
3882569.75 6117
485563.21875 6117
122417.328125 6117
319079.90625 6117
332516.40625 6123
4096560.75 6123
3953106 6123
2351136 6123
1735653.125 6123
1236957.25 6129
690515.625 6129
653556.0625 6129
441661.8125 6129
128768.3515625 6129
491961.40625 6135
23799372 6135
1426350.375 6135
274101.625 6135
359698.40625 6135
405210.1875 6141
556023.5 6141
472921.625 6141
396739.8125 6141
345284.40625 6141
349686.53125 6147
1366264.375 6147
1557345.875 6147
269840.84375 6147
220197.640625 6147
353763.28125 6153
1493573.75 6153
321137.90625 6153
269691.9375 6153
242583.6875 6153
278516.6875 6159
5549796.5 6159
2440540.5 6159
1653423.25 6159
602901.8125 6159
429697.90625 6165
9089005 6165
1737798 6165
1453668.625 6165
1142664.875 6165
599971.6875 6171
553557.5 6171
384214.53125 6171
238680.6875 6177
126295.9375 6171
225429.765625 6177
2454119 6177
511340.1875 6177
87160.1171875 6177
306372.65625 6177
274842.34375 6183
1090738 6183
644094.75 6183
494016.46875 6183
289458.6875 6183
225943.421875 6189
3689161.5 6189
2742816.25 6189
240110.578125 6189
440010.84375 6189
240042.421875 6195
2071809.125 6195
231324.953125 6195
109976.2265625 6195
70343.25 6195
218566.28125 6201
10259205 6201
3608056.75 6201
2388474.5 6201
365644.625 6201
294300.5 6207
2421954.75 6207
2256847.75 6207
1087538.5 6207
508902.6875 6207
238310.5 6213
572543.125 6213
384287.5625 6213
120982.0625 6213
318167.75 6213
223069.765625 6219
3667525.25 6219
2972228.75 6219
423919.8125 6219
108405.0703125 6219
211106.15625 6225
2686030.5 6225
1888137.875 6225
92992.8828125 6225
175318.734375 6225
188183.765625 6231
6193561 6231
983348.375 6231
372771 6231
246992.96875 6237
228494.359375 6237
2369265.25 6237
1019572 6237
508648.875 6237
775590.9375 6237
227254.390625 6243
3204928.5 6243
432007.09375 6243
412486.15625 6243
386498.53125 6243
324466.96875 6249
1042223.6875 6249
411306.59375 6249
227180.546875 6249
147161.109375 6249
290283.53125 6255
2301257.75 6255
1837234.25 6255
892594.1875 6255
116410.4296875 6261
195644.609375 6261
2586618.75 6261
263773.78125 6261
402113.875 6267
1130638.25 6261
312257.09375 6267
1719172 6267
897564.4375 6267
873667.1875 6267
167742.96875 6267
246801.609375 6273
7191946.5 6273
554536.25 6273
533291.625 6273
411948.5625 6273
310274.375 6279
487021.09375 6279
225521.921875 6279
77635.21875 6279
189639.375 6285
180676.296875 6285
495078.09375 6285
391056.625 6285
97105.84375 6285
250400.1875 6291
220335.046875 6291
1386896.125 6291
793597.125 6291
337454.375 6291
216296.109375 6291
270479.59375 6297
1163650.75 6297
796032.6875 6297
311775.8125 6303
234377.828125 6297
244972.328125 6303
6788800 6303
974497.3125 6303
800836.75 6303
7980475.5 6303
337929.28125 6309
778595.875 6309
318133.5625 6309
272811.6875 6309
82011.3671875 6309
241124.15625 6315
346941.8125 6315
1261953.625 6315
86818.53125 6315
116456.3671875 6315
158002.4375 6321
916659.0625 6321
2098596.75 6321
358694.09375 6321
178531.0625 6321
194730.59375 6327
1294245.875 6327
712094.375 6327
191497.234375 6327
59409.62890625 6327
112296.0859375 6333
5583125.5 6333
231530.859375 6333
647790.3125 6333
90616.1171875 6333
235970.125 6339
9827260 6339
890464.9375 6339
762967.8125 6339
76892.546875 6339
232306.984375 6345
2300952 6345
520202.3125 6345
326461.5 6345
458222.40625 6345
239558.640625 6351
2490202 6351
624418.25 6351
2036466.75 6351
399981.8125 6351
284293.40625 6357
1904145.5 6357
841382.75 6357
798479.8125 6357
263807.34375 6357
326437.3125 6363
7069703 6363
2167737 6363
239306.28125 6363
109012.0859375 6363
136464.53125 6369
11692886 6369
633256.875 6369
366105.78125 6369
239917.3125 6375
238324.203125 6375
8963262 6375
994360.875 6375
676839.375 6375
118714.234375 6375
280793.96875 6381
3251051.5 6381
1025400.9375 6381
244611.84375 6381
409565.46875 6381
262186.0625 6387
2665348.5 6387
1659099 6387
440719.65625 6387
109298.7734375 6387
234614.296875 6393
5117815 6393
618882.75 6393
442036.75 6393
559420.6875 6393
467192.9375 6399
9758200 6399
1582243.375 6399
694360.375 6399
158704.828125 6399
224499.09375 6405
9621800 6405
244246.28125 6405
87139.890625 6405
69767.0234375 6405
279845.4375 6411
2688409.25 6411
736743.1875 6411
722325.5625 6411
206601.0625 6411
192909.296875 6417
2770262 6417
455932.75 6417
329066.5625 6417
365741.34375 6417
127524.140625 6423
1266221.25 6423
291500.375 6423
111312.7265625 6423
156902.34375 6429
152912.828125 6429
9594521 6429
611290.9375 6429
181699.84375 6435
93816.3359375 6435
82768.2265625 6435
5618793 6435
1714521.375 6435
534559.0625 6435
265549.59375 6441
121956.90625 6441
116655.015625 6441
177327.703125 6441
87209.2421875 6441
72091.4765625 6441
94084.265625 6447
3100297 6447
402954 6447
143314.6875 6453
70751.1328125 6447
94144.484375 6453
259360.390625 6453
88650.1484375 6453
211355.71875 6459
59032.3203125 6453
90292.703125 6459
336201.40625 6459
90734.828125 6459
75910.8359375 6459
233105.359375 6465
198294.5 6465
3702591.25 6465
115045.9375 6465
61638.76953125 6465
100845.4609375 6471
69177.5390625 6471
1842683.25 6471
1556414.5 6471
108671.96875 6477
1350532.75 6471
94705.40625 6477
2868873.5 6477
83230.8828125 6477
77835.0390625 6483
69196.1953125 6483
433464.8125 6483
236573.109375 6483
80503.7265625 6488
79967.109375 6488
53041.9765625 6488
288302.375 6488
52382.16015625 6488
84615.9453125 6494
83865.125 6494
75587.7734375 6494
210404.859375 6494
72234.984375 6494
108533.4296875 6494
39634.7265625 6494
847665.625 6500
75077.328125 6500
80446.2421875 6505
78985.3515625 6505
47821.0859375 6505
4969856.5 6505
3239191.5 6505
1308911.75 6505
242441.609375 6505
90081.8203125 6511
229883.328125 6511
175511.984375 6511
100968.0859375 6517
66102.765625 6511
134214.53125 6517
652469 6517
372040.375 6517
81892.421875 6522
74825.296875 6522
55344.5078125 6522
76989.109375 6528
572836.8125 6528
87534.828125 6531
74305.484375 6532
47604.55078125 6531
8940342 6528
58025.10546875 6537
464034.0625 6531
265216.71875 6532
69144.6875 6540
53078.5234375 6540
606336.1875 6537
731574.5625 6540
92621.5 6546
84271.203125 6546
83850.53125 6546
77805.328125 6546
82557.375 6545
67252.1015625 6546
114912.265625 6552
99196.2421875 6552
573523.1875 6552
60340.66796875 6552
187415.5625 6558
49660.69921875 6552
87874.9765625 6558
6256892 6558
68078.8828125 6558
88196.140625 6564
2523530 6558
96955.515625 6564
800708.625 6564
282166.375 6564
75999.125 6564
392429.875 6564
573554.8125 6570
1271401.5 6570
61206016 6570
2312093.5 6570
2025442.25 6570
1272239.75 6576
582613.9375 6576
4957360.5 6576
1172369.5 6576
928690.75 6576
595719.5625 6582
492497.84375 6582
1288605 6582
724383.0625 6582
454461.5625 6582
475393.6875 6588
440419.34375 6588
489466.375 6588
389453.5 6588
104411.3828125 6588
141383.171875 6594
1838064.375 6594
774728.4375 6594
559927.75 6594
75270.453125 6594
89188.8828125 6600
836465.0625 6600
239725.515625 6600
208627.03125 6600
83341.3984375 6600
89144.28125 6606
35943460 6606
1636539.125 6606
551434.9375 6606
68258.3515625 6606
92489.015625 6612
910595.875 6612
871159.5 6612
426892.6875 6612
78344.65625 6612
297868.40625 6618
988288.9375 6618
402880.75 6618
81414.15625 6618
212130.203125 6618
199520.75 6624
1158095.125 6624
285468.4375 6624
276471.0625 6624
164691.15625 6624
116730.9765625 6630
1362474.375 6630
807356.5 6630
93597.625 6630
217899.234375 6630
191713.8125 6636
43063304 6636
2210006.5 6636
423477.6875 6636
436226.71875 6636
242437.796875 6642
1422513.25 6642
619706.625 6642
217808.953125 6642
37236672 6642
2295958.5 6648
4168003.25 6648
523630.90625 6648
508099.9375 6648
112068.4921875 6648
247797.984375 6654
1022702.5 6654
566326.4375 6654
328247.15625 6654
193711.875 6660
177575.1875 6660
893411.75 6660
609955.3125 6660
265585.1875 6660
202130 6660
173035.46875 6666
34919492 6666
2035387.625 6666
1414899.125 6666
156145.203125 6666
100710.9453125 6672
404778.6875 6672
319645.9375 6672
304127.25 6672
75656.5234375 6672
191478.953125 6678
34247576 6678
4685455 6678
2145242.25 6678
1491251.5 6678
448553.75 6684
695792.8125 6684
386757 6684
355792.375 6684
202098.953125 6684
208485.296875 6690
1091026.25 6690
227269.234375 6690
67404.1484375 6690
73387.59375 6690
207074.109375 6696
30271286 6696
344209.09375 6696
107508.4609375 6696
84388.6640625 6696
115557.46875 6702
2215504.75 6702
1056258.875 6702
512082.34375 6702
255668.15625 6702
201540.015625 6708
321896.21875 6708
1392587.125 6708
240113.234375 6708
152460.046875 6714
108389.3671875 6714
1775746.125 6714
995306 6714
895645.375 6714
474185.84375 6714
282943.15625 6720
797696.25 6720
410245.59375 6720
171863.53125 6720
221824.546875 6720
1336830.875 6726
16679857 6726
219890.703125 6726
184719.796875 6726
788184.4375 6726
201345.671875 6732
1756025.125 6732
711905.75 6732
277468.46875 6732
101794.078125 6732
185211.53125 6738
244595.984375 6738
1570906.875 6738
1521183.5 6738
1495231.25 6738
168510.640625 6744
461373.9375 6744
218673.921875 6744
120285.78125 6744
139939.765625 6744
112374.515625 6750
909337.875 6750
557271.4375 6750
386201.8125 6750
93416.5390625 6756
91010.65625 6756
135799.703125 6756
127212.5625 6756
99397.1796875 6756
64882.796875 6762
59122.68359375 6762
911288.3125 6762
380272.40625 6762
368011.90625 6762
32892.8125 6762
58599.1015625 6768
859741.125 6768
73360.828125 6768
21934.111328125 6768
17631.08984375 6768
18656.330078125 6774
312499.3125 6774
217717.234375 6774
76678.0546875 6774
219093.984375 6780
111906.15625 6780
66611.0703125 6780
91019.9765625 6780
31900.158203125 6784
171159.90625 6784
56783.546875 6784
44772.7421875 6784
170023.65625 6790
145482.1875 6790
65954.359375 6790
68353.4609375 6790
49988.9609375 6790
80501.5546875 6794
51880.81640625 6794
23629.30859375 6794
27735.67578125 6800
107469.7890625 6800
51669.47265625 6800
47738.265625 6803
36027.2109375 6803
43232.88671875 6806
45680.97265625 6808
16591.396484375 6810
36358.640625 6813
85541.5390625 6820
103122.1015625 6831
63234.51953125 6844
398680.625 6859
