659646.4375 7
577925.5 7
600173.1875 7
581231.5 13
472204.03125 13
413744.875 13
399936.15625 13
389801.09375 13
334020.09375 19
325759.9375 19
303113.75 19
293865.03125 19
279807.46875 19
297711.53125 25
3050417.75 25
262570 25
263405.625 25
216540.046875 25
214077.40625 31
212882.53125 31
185445.25 31
183970.671875 31
176823.046875 31
185514.65625 37
600645.5625 37
593339.0625 37
558496.9375 37
173613.234375 37
181842.828125 43
365321.78125 43
364043.625 43
333996.21875 43
169912.59375 43
167819.859375 49
284265.125 49
165262.4375 49
150020.609375 49
52810.91796875 49
73816.1953125 63
58949.3515625 76
7233.33154296875 83
71733.1875 89
25322.673828125 92
27437.5234375 110
6816.28662109375 110
5833.35400390625 105
4371.0859375 110
20770.11328125 108
28405.455078125 112
3757.75146484375 111
8202.7451171875 112
36591.7578125 117
24492.041015625 117
20787.4453125 117
36487.29296875 123
35644.85546875 123
30054.1328125 123
24699.166015625 123
24320.6640625 123
23928.4609375 123
20149.72265625 123
60611.4453125 129
47276.43359375 129
39038.56640625 129
26345.02734375 129
10901.5244140625 129
93275.3671875 135
417870.96875 135
88029.609375 135
237283.265625 141
235147.859375 141
146986.21875 141
295496.03125 141
146465.859375 141
139741 141
91968.59375 141
350780.84375 147
294795.09375 147
279686.40625 147
767100.5625 153
67867.921875 147
372889.84375 153
351949.0625 153
330121.78125 153
230182.8125 153
254374.75 153
568400.625 159
561937.25 159
520799.90625 159
246242.59375 159
171864.28125 159
374211 165
324256.59375 165
321414.78125 165
64877.265625 165
220881.390625 165
294292.9375 171
281054.6875 171
274054.625 171
102531.125 171
265973.8125 171
235046.96875 177
189917.203125 177
133284.390625 177
464620.53125 183
96477.171875 177
254184.046875 183
482077.875 183
396312.625 183
119422.3359375 183
112807.2265625 183
395050.59375 189
288199.25 189
274434.28125 189
589659 195
126828.21875 189
384343.21875 195
335015.34375 195
245791.09375 195
178878.375 195
372610.9375 201
311065.46875 201
230668.25 201
168322.5625 201
159924.390625 207
117647.765625 201
109119.9765625 207
97448.765625 207
690328.5 213
152498.71875 213
148102.78125 213
147395.21875 213
131512.5 213
127416.1015625 213
111859.4609375 213
250469.390625 219
215629.390625 219
129744.5625 219
125045.4453125 219
148348.265625 225
138531.765625 225
114181.9609375 225
560511.625 225
107447.8828125 225
631804.125 231
146672.84375 231
134394.46875 231
278991.125 231
126142.8359375 231
86972.5859375 231
382428.5 237
344242.75 237
299788.09375 237
159080.78125 237
293217.125 243
174160.9375 243
157173.046875 243
175536 243
144810.03125 243
282556.03125 249
94461.3125 243
159106.703125 249
408503.9375 249
130031.78125 249
118596.0546875 249
132296.171875 255
130962.7421875 255
277943.6875 255
127169.234375 255
349383.34375 255
799406.0625 255
297548.59375 261
593595.3125 261
418515.53125 261
418611.75 267
127147.1875 261
241270.046875 267
213349.921875 267
147703.96875 267
218303.09375 273
74402.8203125 267
198874.046875 273
249901.25 273
219650.859375 273
115365.8203125 273
90949.1484375 273
230789.234375 279
216423.890625 279
213693.40625 279
89162.6875 279
74683.0234375 279
190736.484375 285
206222.921875 285
169598.046875 285
48861.4375 285
50819.1953125 285
164066 291
752719.6875 291
146245.1875 291
77142.0390625 291
179907.28125 297
179280.1875 297
271237.46875 297
162365.890625 297
361933.3125 297
124296.5546875 297
197518.359375 303
354718.03125 303
190639.640625 303
126741.921875 303
133369.34375 303
164086.9375 309
238915.125 309
279754.09375 309
171849.5625 309
110942.8203125 309
141475.828125 315
223857.921875 315
8952929 315
489017.75 315
129070.625 315
120611.0625 321
447479.5625 321
212147.515625 321
235591.140625 327
142434.84375 321
160878.359375 327
208878.03125 327
156418.65625 327
110466.421875 327
147744.21875 327
160238.15625 333
356224.34375 333
155824.625 333
141543.265625 333
56071.31640625 333
278710.4375 339
123878.984375 339
123199.5703125 339
115786.921875 339
71443936 339
1464939.625 345
296180.71875 345
282457.5625 345
699938.375 345
190387.15625 345
188423 351
3856722.25 351
940397.5 351
164202.484375 351
115820.3515625 351
170908.5 357
658928.875 357
587813.6875 357
128477.1015625 357
147150.75 357
158510.03125 363
213220.625 363
144556.6875 363
96095.34375 363
120893.84375 363
137805.265625 369
449131.1875 369
1052254.75 369
214530.40625 369
90942.4140625 369
167823.046875 375
2906710 375
1007674.125 375
145747.046875 375
320960.15625 375
186832.21875 381
1636596.875 381
840212.75 381
162206.84375 381
282920.15625 381
233570.546875 387
3066438.25 387
1842881.25 387
966796.125 387
1020629.875 387
288612.125 393
1321613 393
1130143.625 393
2607710.5 393
174001.90625 393
340694.28125 399
657053.1875 399
336029.4375 399
209454.0625 399
305438.6875 399
176212.046875 405
1172695.375 405
717637.8125 405
406967.75 405
173246.34375 405
227327.34375 411
755636.6875 411
377080.375 411
265234.875 411
197453.234375 411
228076.703125 417
57487424 417
5291744.5 417
192157.5 417
357297.03125 417
169153.5 423
886537.3125 423
535552.5 423
136539.890625 423
489218.21875 423
213474.25 429
7376802 429
961687.3125 429
690481.875 429
368272.09375 429
276858.28125 435
872094.375 435
437738.46875 435
306763.59375 435
342405.25 435
256419.484375 441
788990.25 441
594418.3125 441
328051.9375 441
180927.40625 441
185668.5 447
40558692 447
336117.875 447
261376.0625 447
221698.5 447
145189.765625 453
2013735.625 453
902615.9375 453
453180.0625 453
131506.046875 453
121773.6484375 459
4193218.25 459
1330603.75 459
336045.34375 459
314496.46875 459
297527.53125 465
828181.125 465
818972.5 465
234790.203125 465
229564.34375 465
128975.09375 471
946346.75 471
667098.6875 471
233362.125 471
238882.015625 471
176991.46875 477
16122314 477
329467.46875 477
134839.640625 477
130595.90625 477
153727.984375 483
1310837.375 483
148037.515625 483
102164.1328125 483
86400.28125 483
130540.046875 489
2595436.5 489
200841.078125 489
75688.7421875 489
100023.796875 489
124133.6796875 495
661779.25 495
478820.21875 495
416890.21875 495
100336.7578125 495
134598 501
1489852.625 501
369953.0625 501
211911.53125 501
86569.9453125 501
106412.5 507
17775850 507
640204.5625 507
620690.5625 507
217440.609375 507
150802.421875 513
1197739.75 513
824479.4375 513
385344.4375 513
271320.46875 513
246073.640625 519
2756732.75 519
176338.9375 519
98659.875 519
137379.515625 519
153036.859375 525
1786666.375 525
542250.9375 525
291441.84375 525
273637.25 525
216144.9375 531
471065.71875 531
470248.71875 531
203331.078125 531
355264.21875 531
274331.375 537
14056999 537
267341.65625 537
137761.578125 537
88223.734375 537
226550.21875 543
7392479.5 543
3153385.25 543
1826389.625 543
174722.1875 543
336027.53125 549
1404955.125 549
434477 549
268427.4375 549
196212.109375 549
401217.40625 555
2816703.25 555
1986524.125 555
1577202.375 555
926739.9375 555
649242.125 561
890353.4375 561
616378.25 561
584237.75 561
526865.3125 561
537987 567
6162758 567
1734999.5 567
528425.5625 567
382604.6875 567
439661.75 573
2845222 573
469518.5625 573
427305.46875 573
286673.09375 573
361144.71875 579
15598300 579
6324890.5 579
966516.5625 579
880159.5 579
576774.0625 585
1236355.75 585
773629.375 585
210899.671875 585
229154.171875 585
318791.96875 591
1515748.625 591
1154281.625 591
1115689.75 591
304655.875 591
337046.5 597
6715153 597
1081972.625 597
167472.65625 597
278836.84375 597
260627.09375 603
17606410 603
1242920.625 603
666134.8125 603
723962.3125 603
542721.375 609
6243147.5 609
5420157.5 609
484889.625 609
325796.96875 609
221926.78125 615
2239135.5 615
1313278.875 615
493021.1875 615
111293.5625 615
159597.28125 621
1801825 621
491023 621
299609.96875 621
346984.875 621
160036.125 627
10470006 627
1740658.625 627
506398.09375 627
398621.4375 627
237626.0625 633
7422007 633
1319687.375 633
745259.3125 633
361954.6875 633
288206.3125 639
1612532.125 639
409445.59375 639
407513.5625 639
354647.5 639
237277.859375 645
2656213.5 645
1355894.5 645
542283.375 645
189838.109375 645
324567.53125 651
1274567.5 651
1269890.25 651
535147.5 651
234035.15625 651
204646.34375 657
5972442 657
445479.1875 657
295641.5625 657
190319.21875 657
195018.953125 663
5880620.5 663
2604045.25 663
1116427.875 663
321983.53125 663
251812.90625 669
4218208.5 669
3072149.25 669
1659993.625 669
593182.8125 669
342887.34375 675
822527.1875 675
400534.125 675
270560.3125 675
236859.640625 675
286612.5625 681
3692817 681
552154.8125 681
354884.75 681
201384.828125 681
287551.21875 687
674852.5 687
291694.5 687
204922.921875 687
283500.09375 687
251352.171875 693
5950881.5 693
222173.09375 693
5729924 693
198969.765625 693
2045911.5 699
13488505 699
1669076.875 699
833041.0625 699
171999.34375 699
481686.78125 705
5075147.5 705
1080380.75 705
468274.40625 705
324385.21875 705
544050.5625 711
521632 711
520764.59375 711
465630.09375 711
272646.1875 711
299824.625 717
1864288.75 717
674509.5 717
134467.03125 717
272902.15625 717
424525.71875 723
1199439.375 723
344238.34375 723
268836.78125 723
331016.21875 723
215078.140625 729
30187308 729
4277742.5 729
1557559 729
1136715.625 729
243563.53125 735
1684476.25 735
544250.8125 735
79893.8984375 735
89877.40625 735
231315.328125 741
1361710.625 741
478559.21875 741
143285.609375 741
178550.125 741
235749.59375 747
22413820 747
510072.21875 747
217554.09375 747
161637.75 747
228988.640625 753
534021.875 753
219586.921875 753
180566.359375 753
189771.390625 753
152928.5625 759
191579.4375 759
137843.84375 759
107486.4375 759
113476.703125 759
104600.734375 765
1576413.75 765
1560604.125 765
1422190.375 765
277422.84375 765
136442.375 771
262641.375 771
193935.8125 771
143312.015625 771
117165.1796875 771
90270.4921875 777
8263963 777
178639.40625 777
148414.359375 777
79184.8359375 777
86077.046875 783
434195.34375 783
379588.9375 783
74988.2265625 783
78316.7265625 783
65232.16796875 789
454235.96875 789
195950.765625 789
188701.1875 789
50781.2265625 789
71347.5234375 795
1980813.875 795
129674 795
1758180.625 795
91932.2890625 801
77507.4296875 801
5824729.5 801
2754937.5 801
1424393 801
1260283.625 801
735283.8125 807
5776896.5 807
205991.9375 807
121532.4921875 807
102800.5546875 807
100365.4140625 813
285764.875 813
592995.6875 813
123697.1171875 813
76932.953125 813
97927.859375 819
462866.4375 819
365133.65625 819
64544.84375 819
73490.125 825
55203.25 825
1823382.375 825
223593.359375 825
36819.01171875 825
52540.57421875 825
52968.28125 831
2680888 831
123399.15625 831
35638.63671875 831
38763.07421875 831
79155.015625 837
4308940 837
1339196.5 837
1305859.375 837
1289349.625 837
1321371.25 843
6596697.5 843
445230.40625 843
937256.25 843
444304.78125 843
94089.09375 849
481999.15625 849
1057780.5 849
397885.28125 849
75206.6015625 849
151691.0625 855
1194266.875 855
429853.46875 855
280482.5 855
117042.5078125 855
126673.8984375 861
4286074 861
166754.859375 861
113105.203125 861
94259.2421875 861
61372.5078125 867
154092.84375 867
60524.671875 867
171771.5 873
60401.2265625 867
70400.3671875 873
5059618.5 873
1905039.25 873
1316198.625 873
518056.75 873
75972.921875 879
1018942.4375 879
956644.5625 879
540092.0625 879
474116.5 879
139740.265625 885
958109.75 885
237405.796875 885
230576.046875 885
110140.515625 885
119363.2734375 891
7823434 891
552515.5625 891
248994.015625 891
150454.296875 891
127045.3828125 897
213208.421875 897
119617.21875 897
101568.4765625 897
52809.4375 897
74353.125 903
5971781.5 903
437695.375 903
273003.8125 903
208845.890625 903
169707.4375 909
4190001 909
1330022.125 909
730609.25 909
373318.59375 909
88347.546875 915
1629490.5 915
1072976.625 915
600268.5625 915
639134 915
146196.140625 921
8316767.5 921
289801.875 921
131759.703125 921
99488.5234375 921
94707.359375 927
495803.25 927
131338.4375 927
112842.75 927
89905.2109375 927
122147.0546875 933
5546833.5 933
117717.8984375 933
108024.3359375 933
112075.890625 933
125058.640625 939
2492109.75 939
420622.40625 939
142371.890625 939
122885.6875 939
98936.2578125 945
1710683.5 945
3570173 945
1283323.5 945
546160.625 945
358596.15625 951
7985152.5 951
695820.6875 951
532096.1875 951
389189.75 951
248134.0625 957
292111.96875 957
248026.5 957
151626.59375 957
139610.78125 957
180575.578125 963
3411005.25 963
172937.59375 963
127798.171875 963
139025.25 963
332932.9375 969
2015433.125 969
252792.140625 969
231397.546875 969
111382.046875 969
129877.34375 975
2463783.25 975
308655.09375 975
150917.484375 975
105865.765625 975
106954.5234375 981
23717294 981
4924580.5 981
1079046 981
847769.1875 981
351202.90625 987
1844054 987
466443.03125 987
294003.5625 987
342608 987
196253.3125 993
634971.5625 993
242627.15625 993
134142.921875 993
181462.640625 993
168441.796875 999
1219104.75 999
852751.4375 999
503557.5625 999
341326.28125 999
204320.0625 1005
2852845.5 1005
323040.1875 1005
162754.203125 1005
286460.15625 1005
175249.578125 1011
29716896 1011
174628.640625 1011
163010.8125 1011
173784.0625 1011
1038300.3125 1017
4546957 1017
2717312.75 1017
689082.9375 1017
467837 1017
399786.5625 1023
367696.3125 1023
546906.375 1023
322363 1023
256953.875 1023
324333.65625 1029
453830.9375 1029
311968.21875 1029
296757.03125 1029
130265.984375 1029
254256.328125 1035
2323977 1035
1676716.125 1035
376173.8125 1035
320945.9375 1035
285521.34375 1041
22348892 1041
315383.875 1041
179940.703125 1041
189819.140625 1041
245817.1875 1047
5195040 1047
4519519.5 1047
1390446.375 1047
191964.578125 1047
343239.5625 1053
2068901 1053
517373.75 1053
295093.53125 1053
229522.640625 1053
474709.3125 1059
401873.59375 1059
378137.03125 1059
255687.21875 1059
341493.84375 1059
274474.90625 1065
4825798.5 1065
1528026.125 1065
1410229 1065
1269846.5 1065
572826.1875 1071
11382059 1071
746175 1071
311434.90625 1071
273461.4375 1071
455083.875 1077
26364740 1077
1822862.375 1077
290273.4375 1077
453946.84375 1077
538910.125 1083
13748684 1083
5632774.5 1083
2486246.25 1083
1148298.75 1083
728920.6875 1089
7320412.5 1089
2839309.25 1089
1745288.375 1089
1396479.25 1089
818000.375 1095
13914511 1095
789639.625 1095
286830.25 1095
553042.625 1095
541402.5 1101
11272434 1101
1092107 1101
678751.9375 1101
431687.8125 1101
403483.40625 1107
14751683 1107
2417554.5 1107
2131602.5 1107
1402668.5 1107
354941.8125 1113
12557847 1113
3824222.75 1113
2634355.25 1113
1269866.125 1113
791855.25 1119
5266103.5 1119
3250825.75 1119
1614078 1119
383596.6875 1119
356005.125 1125
4382426 1125
963353.375 1125
801512.1875 1125
335172.09375 1125
652223.3125 1131
5938295.5 1131
569126.75 1131
548956.75 1131
159764.34375 1131
278949.8125 1137
6729823 1137
1676175.625 1137
791936.9375 1137
206349.625 1137
419877.59375 1143
9872433 1143
574735.875 1143
555599.0625 1143
297316.59375 1143
332831.8125 1149
2138728.5 1149
1568305.75 1149
1182393.625 1149
469398.125 1149
388260.3125 1155
2987950.25 1155
1479377.375 1155
1159299.25 1155
510566.34375 1155
357022.4375 1161
4229568.5 1161
885530.25 1161
723624.5625 1161
360539.25 1161
369379.875 1167
4461259 1167
849613.625 1167
284790.8125 1167
278520.4375 1167
424700.6875 1173
31117054 1173
10038863 1173
2258696.25 1173
424440.90625 1173
511973.28125 1179
1427867.125 1179
547673.9375 1179
490125.1875 1179
448734.8125 1179
378179.21875 1185
857632.1875 1185
615718.1875 1185
492908 1185
176617.515625 1185
284342.3125 1191
2423537.25 1191
2246056.5 1191
1115725.375 1191
219794.703125 1191
319355.21875 1197
1026415 1197
835285.5 1197
154499.96875 1197
234740.203125 1197
562007.9375 1203
24736846 1203
1379134.375 1203
379423.3125 1203
496896.6875 1203
334670.40625 1209
11675503 1209
1513137.25 1209
362249.59375 1209
232944.625 1209
270713.25 1215
926608.4375 1215
420386.15625 1215
210579.359375 1215
242493.421875 1215
300838.125 1221
2596737.5 1221
1908903.75 1221
603302.875 1221
227217.125 1221
335490.03125 1227
926539.5625 1227
684248.5625 1227
459823.21875 1227
239220.890625 1227
1133920.75 1233
6599441.5 1233
758753.625 1233
300665.6875 1233
609345.875 1233
504413.96875 1239
7783441 1239
3879629.25 1239
674406.5625 1239
182633.796875 1239
456308.78125 1245
1432925.875 1245
1304032.125 1245
901749.8125 1245
410150.625 1245
495318.65625 1251
48826152 1251
791407.6875 1251
458332.09375 1251
478954.65625 1251
1134172 1257
1778264.75 1257
1013815.8125 1257
807604.875 1257
954834.0625 1257
981567.1875 1263
5231485 1263
1143562.125 1263
738533.375 1263
333633.9375 1263
689490.1875 1269
5581647.5 1269
761132.875 1269
500686.21875 1269
668202 1269
476379.34375 1275
3116599.25 1275
2936484.5 1275
2170287.75 1275
789881.5 1275
640211.1875 1281
32202264 1281
14826359 1281
440626.53125 1281
199936.09375 1281
554418.625 1287
4409701.5 1287
2215345.5 1287
1673084.625 1287
1462709.25 1287
656729.5625 1293
5670595 1293
1829505.75 1293
1124920.625 1293
500318.03125 1293
686689.1875 1299
6904084.5 1299
841103.6875 1299
302036.90625 1299
312794.8125 1299
463012.15625 1305
1994012.25 1305
455565.96875 1305
230778.796875 1305
338847.875 1305
351815.46875 1311
10691406 1311
3008393.25 1311
1215660.75 1311
351782.25 1311
791106.375 1317
4155815.5 1317
1290967.125 1317
711062 1317
471131.90625 1317
643828.8125 1323
9516213 1323
412038.15625 1323
319127.28125 1323
262704.75 1323
250057.671875 1329
22477522 1329
545522 1329
500155.9375 1329
221534.140625 1329
309626.84375 1335
1063509.125 1335
869971.75 1335
755734.5 1335
256830.5625 1335
234665.078125 1341
8631748 1341
396896.4375 1341
189066.140625 1341
212729.234375 1341
185203.625 1347
2970597.5 1347
1856597.625 1347
1343495.5 1347
224857.203125 1347
216863.109375 1353
13276209 1353
1978749.75 1353
733714.6875 1353
181185.59375 1353
111765.5 1359
28810292 1359
260173.015625 1359
227967.265625 1359
70475.8203125 1359
121087.21875 1365
176865.59375 1365
109365.703125 1365
178227.8125 1371
31565.755859375 1365
124455.2421875 1371
804059.8125 1371
172083.765625 1371
115972.3671875 1371
84549.4609375 1371
137697.234375 1377
1080114.625 1377
215591.984375 1377
165220.265625 1377
173373.453125 1377
169558.109375 1383
2753486.75 1383
1237037 1383
377720.25 1383
286738.15625 1383
132299.046875 1389
9180037 1389
587057 1389
81814.140625 1389
87564.9375 1389
88940.25 1395
87673.125 1395
85238.46875 1395
61707.140625 1395
80024.6171875 1395
126102.328125 1401
173181.359375 1401
89427.015625 1401
80189.28125 1401
68285.03125 1401
92843.5 1407
575398 1407
85772.578125 1407
84550.2265625 1407
73925.296875 1407
100038.0390625 1413
97803.0078125 1413
91303.8515625 1413
59177.22265625 1413
56555.73046875 1413
106642.8203125 1419
91055.3046875 1419
78895.375 1419
49056.63671875 1419
36992.48828125 1419
62793.65625 1425
219634.09375 1425
74348.6953125 1425
43108.71484375 1425
56360.76953125 1425
103932.1328125 1431
102904.8984375 1431
99415.03125 1431
95806.984375 1431
30398.814453125 1431
144486.703125 1437
117251.3828125 1437
111362.4453125 1437
103327.8515625 1437
99704.296875 1437
121598.2890625 1443
228387.078125 1443
152980.828125 1443
82219.3828125 1443
96535.4453125 1443
115790.21875 1449
141333.578125 1449
131475.375 1449
82232.546875 1449
39928.73046875 1449
104349.3046875 1455
138820.765625 1455
119963.6875 1455
89496.3125 1455
56549.5234375 1455
82857.984375 1461
84664.2421875 1461
80788.71875 1461
75815.03125 1461
69323.0859375 1461
103473.0078125 1467
318504.1875 1467
104598.2578125 1467
96909.3203125 1467
57652.734375 1467
121830.984375 1473
147567.390625 1473
117832.8515625 1473
78124.203125 1473
80976.484375 1473
100099.828125 1479
99106.9375 1479
97295.921875 1479
37776.60546875 1479
87424.3671875 1479
97149.5 1485
163222.140625 1485
106347.015625 1485
45277.6484375 1485
96880.5546875 1491
92674.4453125 1491
93306.3984375 1491
88319.0390625 1491
80572.984375 1491
72301.6484375 1491
111069.9921875 1497
141616.421875 1497
110023.5703125 1497
84790.1328125 1497
94342.0546875 1497
96330.4921875 1503
124384.0703125 1503
95503.75 1503
64214.7734375 1503
54758.58203125 1503
99923.171875 1509
96888.59375 1509
95472.6171875 1509
75988.9453125 1509
89634.328125 1509
98453.5078125 1515
97531.328125 1515
93296.5390625 1515
19671.8203125 1515
118369.1484375 1521
105923.546875 1521
148253.71875 1521
103730.4375 1521
96027.2109375 1521
90943.8984375 1521
100303.234375 1527
93496.796875 1527
92817.4765625 1527
62724.22265625 1527
69189.4609375 1533
58809.421875 1533
94698.34375 1533
77087.9765625 1533
220069.875 1539
19835.568359375 1533
91073.2578125 1539
88095.6328125 1539
81634.6796875 1539
195308.421875 1539
78165.6640625 1539
76687.578125 1545
133204.75 1545
70865.3984375 1545
68611.0078125 1545
57307.6484375 1545
77246.921875 1551
77128.1953125 1551
73350.8984375 1551
135393.78125 1557
24779.50390625 1551
90292.390625 1557
84096.2109375 1557
72299.703125 1557
70528 1557
93500.9609375 1563
87431.1640625 1563
85517.8125 1563
70571.8125 1563
45845.83984375 1563
116390.03125 1563
75819.4453125 1569
158255.984375 1569
108287.296875 1569
16040.892578125 1569
45434.65625 1569
88817.1171875 1575
80407.921875 1575
79824.1875 1575
63629.95703125 1575
63513.59765625 1575
89691.5 1581
75574.8828125 1581
70235.671875 1581
19454.68359375 1581
47810.6640625 1581
82434.578125 1587
83374.0625 1587
92881.9921875 1587
97148.921875 1587
56649.05859375 1587
87836.9453125 1593
189360.453125 1593
72787.1953125 1593
105770.40625 1599
42353.859375 1593
80532.3203125 1599
106392.1484375 1599
72337.2578125 1599
50943.61328125 1599
46066.7421875 1599
85540.7109375 1605
85557.2890625 1605
85421.46875 1605
75736.328125 1605
41464.08203125 1605
94292.6640625 1611
70779.375 1611
63629.26953125 1611
62191.0703125 1611
183958.828125 1611
83182.3125 1617
77727.3828125 1617
76099.234375 1617
42447.10546875 1617
100356.8125 1617
127558.3515625 1623
102426.6484375 1623
73653.40625 1623
57637.31640625 1623
69746.1640625 1623
96720.4453125 1629
90463.890625 1629
88626.6171875 1629
87489.2578125 1629
48805.015625 1629
102051.125 1635
76787 1635
74863.1796875 1635
52801.63671875 1635
88747.0234375 1641
87176.46875 1641
81654.8671875 1641
79038.3203125 1641
58526.5078125 1641
70529.6015625 1641
82499.8046875 1647
82201.7734375 1647
79908.59375 1647
78106.4375 1647
76407.4921875 1647
109601.65625 1653
142706.703125 1653
106496.3984375 1653
86615.90625 1653
54717.72265625 1653
124404.875 1659
105202.3671875 1659
103687.2578125 1659
57585.4609375 1659
91183.8671875 1659
116684.515625 1665
103252.9453125 1665
85166.6875 1665
53876.671875 1665
80394.4140625 1665
83645.7890625 1671
82919.21875 1671
77570.2109375 1671
48066.703125 1671
25157.28125 1671
120092.1796875 1677
202680.578125 1677
113645.703125 1677
106527.0625 1677
102467.5 1677
126622.1484375 1683
111474.421875 1683
99388.71875 1683
48071.7421875 1683
97346.5234375 1683
99564.671875 1689
83673.765625 1689
82949.7578125 1689
53738.93359375 1689
63878.7421875 1689
144183.515625 1695
137304.71875 1695
124061.234375 1695
105154.8671875 1695
102375.9453125 1695
137631.703125 1701
98955.5859375 1701
97916.5 1701
93580.96875 1701
50816.22265625 1701
102345.7890625 1707
96524.15625 1707
86922.375 1707
51402.17578125 1707
67104.578125 1707
107020.015625 1713
104997.40625 1713
270751.15625 1713
70497.25 1713
93140.40625 1713
114903.875 1719
95899.4765625 1719
91525.1640625 1719
86926.9375 1719
84211.4140625 1719
119485.8359375 1725
142099.6875 1725
112841.5390625 1725
57611.58984375 1725
63829.10546875 1725
80970.7421875 1731
117206.6875 1731
95377.1640625 1731
58290.55859375 1731
63594 1731
84052.4609375 1737
84152.359375 1737
82796.078125 1737
53358.2890625 1737
72308.7265625 1737
70491.75 1743
103202.859375 1743
85145.140625 1743
69627.703125 1743
53823.7734375 1749
48824.13671875 1749
94109.296875 1749
66893.046875 1749
44021.48046875 1749
12050.76953125 1749
86598.9453125 1755
84051.6640625 1755
144386.390625 1755
48860.19921875 1755
71195.8515625 1755
106624.0546875 1761
116713.421875 1761
115267.234375 1761
38206.6328125 1761
112389.9609375 1761
93078.296875 1767
183154.078125 1767
86710.9296875 1767
63509.08984375 1767
59198.94140625 1767
102292.09375 1773
136079.578125 1773
133483.296875 1773
81385.796875 1773
49857.96875 1773
337585.53125 1779
189461.34375 1779
176618.578125 1779
91588.1015625 1779
25420.765625 1779
102802.4296875 1785
102951.1328125 1785
99374.0703125 1785
76002.3046875 1785
93346.3203125 1785
122440.2265625 1791
228222.703125 1791
193273.84375 1791
23405.361328125 1791
97036.6171875 1791
118678.4296875 1797
112315.375 1797
110958.6484375 1797
47684.45703125 1797
69993.2421875 1797
104472.640625 1803
126403.3359375 1803
103982.4375 1803
88348.5546875 1803
57561.31640625 1803
105425.2890625 1809
189948.109375 1809
180951.8125 1809
68289.4375 1809
97516.3359375 1809
87003.1328125 1815
131482.734375 1815
83051.5390625 1815
82642.6015625 1815
81652.7578125 1815
98157.9453125 1821
98981.15625 1821
95151.578125 1821
83218.171875 1821
221636.015625 1821
124874.9921875 1827
203097 1827
124720.0546875 1827
97279.7578125 1827
62529.4765625 1827
122776 1833
154999.78125 1833
119382.78125 1833
47754.33984375 1833
77552.328125 1833
123935.9140625 1839
169548.96875 1839
149945.65625 1839
57044.67578125 1839
105888.9375 1839
118850.875 1845
318452.875 1845
117468.296875 1845
99489.8828125 1845
67796.4140625 1845
128682.5 1851
118323.6015625 1851
113098.828125 1851
83616.703125 1851
97218.3125 1851
158032.0625 1857
127996.7734375 1857
104169.6171875 1857
84507.3515625 1857
69141 1857
114521.5078125 1863
104458.3203125 1863
101681.8046875 1863
93727.1796875 1863
78016.640625 1863
151424.8125 1869
151291.28125 1869
141247.0625 1869
117352.6015625 1869
64996.2109375 1869
124446.21875 1875
168138 1875
149229.09375 1875
110506.09375 1875
113162.3359375 1875
120084.21875 1881
127469.1640625 1881
101663.1875 1881
57561.421875 1881
124435.6015625 1887
103204.6875 1887
99983.1640625 1887
97086.8203125 1887
92656.03125 1887
27643.146484375 1887
125439.75 1893
108884.0078125 1893
105306.578125 1893
79175.96875 1893
103085.625 1893
134891.78125 1899
118823.78125 1899
117334.640625 1899
107043.21875 1899
130950.1015625 1905
129009.609375 1905
104184.6953125 1905
95344.7890625 1905
56608.4765625 1905
88574.953125 1905
132482.5625 1911
142140.625 1911
120835.171875 1911
21891.0859375 1911
83694.5859375 1911
109946.5625 1917
167127.515625 1917
95130.625 1917
82458.25 1917
60286.625 1917
86546.71875 1923
75560.9140625 1923
72899.9765625 1923
16975.640625 1923
43440.78125 1923
80844.1484375 1929
78711.65625 1929
92660.6953125 1929
50035.33203125 1929
64782.18359375 1929
89602.1484375 1935
120948.546875 1935
83822.875 1935
20707.060546875 1935
13513.5732421875 1935
102289.921875 1941
102263.765625 1941
97122.875 1941
58788.15234375 1941
74280.5 1941
231710.078125 1947
123068.1875 1947
121557.4296875 1947
83621.15625 1947
106669.96875 1947
98900.453125 1953
126732.15625 1953
96528.515625 1953
85262 1953
87173.4765625 1953
127931.1875 1959
126410.265625 1959
119632.953125 1959
70106.6875 1959
70442.8125 1959
120858.28125 1965
174624.3125 1965
116145.734375 1965
81892.0234375 1965
110922.96875 1965
129922.828125 1971
192611.28125 1971
105595.140625 1971
102080.78125 1971
75164.046875 1971
115905.9296875 1977
550004.25 1977
108355.3828125 1977
74192.0546875 1977
55348.30859375 1977
126852.40625 1983
122337.6953125 1983
118128.0703125 1983
99441.328125 1983
49529.88671875 1983
104309.1953125 1989
105362.3984375 1989
102175.25 1989
72871.96875 1989
80559.359375 1989
99663.8828125 1995
98376.40625 1995
93570.265625 1995
64724.9921875 1995
73606.4375 1995
102220.9765625 2001
97208.6171875 2001
96370.8046875 2001
32004.869140625 2001
109103.515625 2007
102832.1484375 2007
100079.2265625 2007
96972.1875 2007
181224.0625 2007
84776.78125 2007
125495.2421875 2013
151670.015625 2013
121679.328125 2013
63313.328125 2013
90560.265625 2013
128469.5234375 2019
281823.09375 2019
119319.6171875 2019
77215.046875 2019
88465.4296875 2019
104376.578125 2025
100541.0859375 2025
99237.6953125 2025
81915.7265625 2025
89097.1640625 2025
209740.296875 2031
127696.234375 2031
108437.2734375 2031
55852.58203125 2031
79105.140625 2031
138249.078125 2037
142043.71875 2037
133989.671875 2037
67713.8046875 2037
48053.03515625 2037
114724.5078125 2043
107256.9375 2043
105962.1953125 2043
73141.671875 2043
75521.1484375 2043
159228.390625 2049
279473.9375 2049
130003.6015625 2049
77338.6328125 2049
52235.65625 2049
113441.953125 2055
137697.25 2055
154113.640625 2055
112151.3984375 2055
73621.046875 2055
94420.7578125 2061
94026.40625 2061
93944.65625 2061
93769.1640625 2061
131538.734375 2067
126446.015625 2067
422566.96875 2067
91949.5078125 2067
87412.0078125 2067
77438.5859375 2067
182198.015625 2073
106289.65625 2073
105063.2421875 2073
89075.2890625 2073
72034.21875 2073
113153.1640625 2079
177998.4375 2079
152136.734375 2079
63782.88671875 2079
48012.484375 2079
137033.40625 2085
505629.6875 2085
135580.515625 2085
106443.625 2085
90329.578125 2085
170719.671875 2091
115669.6875 2091
95966.5078125 2091
54770.578125 2091
58894.4375 2091
108193.1640625 2097
194952.671875 2097
98186.8046875 2097
64277.91015625 2097
20222.267578125 2097
99617.84375 2103
137844.984375 2103
127212.15625 2103
30465.13671875 2103
63832.8203125 2103
138099.765625 2109
150477.484375 2109
137027.421875 2109
134723.34375 2109
797223.3125 2109
265828.4375 2115
150849.78125 2115
135257.546875 2115
23340.173828125 2115
101916.421875 2115
148495.1875 2121
171862.59375 2121
138456.421875 2121
100875.1015625 2121
42898.0234375 2121
140538.859375 2127
135521.84375 2127
131092.765625 2127
78069.8203125 2127
50744.3671875 2127
136990.203125 2133
132424.875 2133
83040.453125 2133
63654.99609375 2133
46447.57421875 2133
88209.453125 2139
161411.8125 2139
72537.4921875 2139
163472.03125 2145
155751.96875 2145
154878.515625 2145
152214.28125 2145
121710.125 2145
178863.71875 2151
47451.91796875 2145
137009.9375 2151
865405.125 2151
136761.375 2151
134405.140625 2151
166011.71875 2151
131233.03125 2157
149976.734375 2157
127646.546875 2157
37996.50390625 2157
47785.6484375 2157
155185.859375 2163
145705.390625 2163
141762.546875 2163
50729.63671875 2163
42866.4453125 2163
158496.6875 2169
191294.390625 2169
156879.40625 2169
88088.8125 2169
138409.03125 2169
189446.046875 2175
179945.765625 2175
146460.9375 2175
137485.3125 2175
103460.40625 2175
151814.0625 2181
1656431.875 2181
466599.5 2181
54608.6640625 2181
125955.6328125 2181
177275.625 2187
155032.9375 2187
147536.828125 2187
46328.6796875 2187
112087.65625 2187
156269.203125 2193
212508.328125 2193
147301.859375 2193
45509.3515625 2193
165023.234375 2193
176518.875 2199
242988.953125 2199
170625.5 2199
138567.421875 2199
109631.1796875 2199
174808.828125 2205
287994.625 2205
1246585.375 2205
165850.078125 2205
170992.5625 2205
232591.5 2211
166806.546875 2211
164219.09375 2211
120172.921875 2211
138991.8125 2211
167497.4375 2217
161732.703125 2217
333230.90625 2217
80757.9296875 2217
83137.6796875 2217
115852.375 2223
844820.5625 2223
115846.828125 2223
76344.2890625 2223
102058.734375 2223
193757.15625 2229
218128.078125 2229
181846.765625 2229
129716.3828125 2229
84687.109375 2229
185190.21875 2235
370876.875 2235
165144.609375 2235
122221.3671875 2235
150819.328125 2235
154288.890625 2241
2254529 2241
166960.34375 2241
114185.2109375 2241
101316.1875 2241
139591.65625 2247
135656.890625 2247
122876.734375 2247
51633.78125 2247
61349.3359375 2247
160831.65625 2253
152891.921875 2253
170644.4375 2253
101569.59375 2253
158819.359375 2259
157406.671875 2259
150024.25 2259
149499.53125 2259
218719.90625 2265
207884.515625 2265
187891.171875 2265
186436.125 2265
171414.09375 2265
165346.96875 2271
151589.890625 2271
130633.3125 2271
933150.6875 2271
129847.078125 2271
143370.078125 2277
83232.0703125 2271
109083.2421875 2277
203970.3125 2277
190848.1875 2277
57294.046875 2277
332396.5 2283
106903 2283
133392.734375 2283
105595.375 2283
27593.216796875 2283
47326.41015625 2283
119289.421875 2289
114476.875 2289
109829.984375 2289
181781.453125 2295
98463.3828125 2289
146474.046875 2295
142269.484375 2295
138987.390625 2295
104872.8828125 2301
100994.625 2301
98889.28125 2301
246375.609375 2301
92806.0703125 2301
46430.46484375 2301
88647.4765625 2301
150848.6875 2307
141787.71875 2307
138991.671875 2307
135572.578125 2307
167706.734375 2313
149362.015625 2313
142075.234375 2313
130027.4375 2313
95581.109375 2313
89735.4296875 2313
204852.890625 2319
168604.046875 2319
158283.625 2319
87949.7265625 2319
124101.8515625 2319
142658.171875 2325
140595.921875 2325
134915.640625 2325
149354.515625 2325
44097.96484375 2325
164649.109375 2331
143415.671875 2331
130441.9765625 2331
38060.01953125 2331
46627.19140625 2331
131982.8125 2337
134879.109375 2337
129049.4609375 2337
46717.015625 2337
175380.1875 2343
162101.78125 2343
183668.0625 2343
151507.390625 2343
136116.515625 2343
136802.5 2343
149498.40625 2349
142761.921875 2349
113039.4765625 2349
109285.7265625 2349
34738.38671875 2349
123323.1484375 2355
184866.859375 2355
142678.578125 2355
105623.046875 2355
91179.765625 2355
788646.4375 2361
128174.234375 2361
126132.8828125 2361
109043.4609375 2367
40654.71875 2361
47506.70703125 2367
175440.359375 2367
46482.1953125 2367
141542.59375 2373
36591.94140625 2367
107838.7578125 2373
220275.546875 2373
163728.671875 2373
33596.1171875 2373
101998.171875 2373
96340.1953125 2379
145237.984375 2379
209233.375 2379
78649.4453125 2379
81398.0859375 2379
138621.8125 2385
162295.859375 2385
126279.46875 2385
97097.1796875 2385
80440.828125 2385
183956.265625 2391
1714195.5 2391
172854.984375 2391
142038.125 2391
146170.96875 2391
151744.359375 2397
148383.90625 2397
144209.78125 2397
140362.34375 2397
123836.7890625 2397
126688.609375 2403
143045.703125 2403
117871.0390625 2403
105080.8671875 2403
109894.7734375 2403
110924.6171875 2409
170418.78125 2409
101204.59375 2409
73620.859375 2409
100385.1953125 2415
98761.3828125 2415
283751.15625 2415
139881.140625 2415
131016.0546875 2415
33715.41015625 2415
122865.0625 2421
855369.8125 2421
115491.3828125 2421
103936.25 2421
35486.20703125 2421
110408.765625 2427
130982.3046875 2427
108304 2427
96944.3359375 2427
99479.34375 2427
139802.46875 2433
215874.453125 2433
178830 2433
109440.578125 2433
35567.75 2433
136647.171875 2439
125511.1015625 2439
112477.5625 2439
63445.10546875 2439
208625.40625 2439
143562.171875 2445
126219.5625 2445
119729.671875 2445
139434.640625 2445
79811.1640625 2445
129263.28125 2451
118537.0234375 2451
117046.265625 2451
54111.6484375 2451
33522.8671875 2451
152188.578125 2457
151346.78125 2457
150543.375 2457
133880.578125 2457
38592.84765625 2457
106752.765625 2463
242542.09375 2463
249150.359375 2463
196319.203125 2463
73774.34375 2463
144276.6875 2469
280975.65625 2469
182926.703125 2469
119212.6953125 2469
94983.46875 2469
124163.2109375 2475
260623.703125 2475
178887.390625 2475
115594.5078125 2475
115317.234375 2475
225120.25 2481
110710.265625 2481
109792.578125 2481
106320.0625 2481
84676.421875 2481
104240.4921875 2487
125410.109375 2487
100001 2487
98973.671875 2487
98680.296875 2487
119572.9609375 2493
113803.96875 2493
276650.75 2493
77808.4140625 2493
108862.4453125 2493
136319.484375 2499
149468.015625 2499
133204.203125 2499
117660.7890625 2499
98458.609375 2499
135180.859375 2505
221415.8125 2505
128172.6328125 2505
116439.5546875 2505
82648.90625 2505
225940.703125 2511
178521.34375 2511
161559.4375 2511
138746.625 2511
135320.84375 2511
135889.578125 2517
180086.09375 2517
126224.109375 2517
45211.45703125 2517
87509.859375 2517
183057.109375 2523
189533.140625 2523
144711.34375 2523
125031.25 2523
206210.015625 2529
156003.90625 2529
271622.03125 2529
138803.703125 2529
132180.765625 2529
19103.669921875 2529
118382.3125 2535
234453.484375 2535
174463.828125 2535
66104.6953125 2535
75236.890625 2535
99610.96875 2541
136047.25 2541
87062.1875 2541
64227.1171875 2541
68441.1484375 2541
127034.09375 2547
129757.25 2547
121987.1796875 2547
34192.234375 2547
93414.2890625 2547
105253.78125 2553
207706.21875 2553
133744.984375 2553
100922.984375 2553
76524.375 2553
156901.03125 2559
198326.25 2559
145478.9375 2559
120892.6796875 2559
120389.8125 2559
190060.453125 2565
370665.3125 2565
169459.28125 2565
156597.125 2571
23884.658203125 2565
101304.9296875 2571
100701.59375 2571
77892.609375 2571
24414.826171875 2571
49282.8984375 2571
94105.0703125 2577
172509.4375 2577
145441.234375 2577
61105.96875 2577
76303.3828125 2577
128239.59375 2583
126710.390625 2583
121934.8984375 2583
128568.0390625 2589
89525.1640625 2583
124871.7734375 2589
207741.5 2589
136144.984375 2589
112640.8671875 2589
18633.181640625 2589
116138.1796875 2595
512663.90625 2595
418967.71875 2595
244287.328125 2595
55323.87109375 2595
109173.4140625 2601
207429.078125 2601
108656.875 2601
74857.8359375 2601
138049.84375 2601
132409.453125 2607
472739.3125 2607
129980.1171875 2607
126757.1953125 2607
174484.890625 2607
155038.015625 2613
142380.015625 2613
142244.59375 2613
132524.78125 2613
102982.65625 2613
121190.1015625 2619
138840.5625 2619
117918.4765625 2619
67517.1484375 2619
91941.1875 2619
112194.4453125 2625
206855.359375 2625
109877.2265625 2625
89160.0078125 2625
68914.734375 2625
144504.3125 2631
122922 2631
121892.046875 2631
104455.21875 2631
80640.375 2631
118571.1875 2637
288280.84375 2637
262643.625 2637
111405.59375 2637
108889.5625 2637
578670 2643
149296.9375 2643
138356.078125 2643
109067.875 2643
106808.90625 2643
117420.859375 2649
114222.6796875 2649
106475.8046875 2649
228257.953125 2649
93127.3984375 2649
103288.28125 2655
241318.984375 2655
176711.578125 2655
93951.1484375 2655
61654.55859375 2655
94639.1875 2661
146831.484375 2661
206046.515625 2661
131103.609375 2661
58411.6171875 2661
117339.890625 2667
150485.734375 2667
110742.953125 2667
81125.8203125 2667
94360.609375 2667
108857.9296875 2673
193557.6875 2673
107286.2734375 2673
79575.765625 2673
23070.060546875 2673
111612.484375 2679
93085.078125 2679
92736.21875 2679
71741.671875 2679
87858.8671875 2679
108609.734375 2685
88490.625 2685
84557.8671875 2685
70461.21875 2685
79139.375 2685
94545.7109375 2691
187893.5 2691
114210.75 2691
93657.65625 2691
97518.609375 2697
90007.5 2697
167333.984375 2697
113228.1796875 2697
52597.96484375 2697
80834.984375 2697
104722.921875 2703
151320.546875 2703
136729.609375 2703
60349.3359375 2703
102729.0234375 2709
82925.171875 2709
180372.484375 2709
88074.859375 2709
82545.5390625 2709
72255.5 2709
98569.6484375 2715
338558.125 2715
108330.46875 2715
221509.53125 2715
30473.005859375 2715
102076.53125 2721
116262.8828125 2721
93784.9921875 2721
89105.8203125 2721
68776.8203125 2721
117854.8515625 2727
117204.1015625 2727
105442.328125 2727
233709.046875 2727
99302.515625 2727
119195.9609375 2733
136242.625 2733
114746.703125 2733
111457.703125 2733
110848.890625 2733
116428.53125 2739
110886.4140625 2739
106454.6328125 2739
77847.625 2739
99245.5703125 2739
124323.5 2745
147439.109375 2745
121371.4921875 2745
96871.3359375 2745
82738.9296875 2745
159875.140625 2751
152260.8125 2751
146832.609375 2751
158715.875 2757
153131.09375 2757
148395.984375 2757
196848.078125 2757
124754.21875 2757
83280.0625 2757
119938.015625 2757
152763.796875 2763
157449.65625 2763
149526.046875 2763
121547.0078125 2763
86960.046875 2763
136773.59375 2769
131098.90625 2769
130984.171875 2769
476943.65625 2769
86848.0390625 2769
150102.25 2775
184006.59375 2775
131986.40625 2775
129558.15625 2775
106598.4375 2775
131517.3125 2781
225411.625 2781
150652.265625 2781
373113.96875 2787
145318.515625 2787
136784.890625 2787
116380.8125 2787
112642.1484375 2787
89594.109375 2787
94580.453125 2787
135355 2793
165556.21875 2793
127022.3359375 2793
91174.5703125 2793
119212.640625 2793
147307.6875 2799
338631.34375 2799
152036.40625 2799
151187.796875 2799
110629.3984375 2799
204252.609375 2805
383744.0625 2805
180131.96875 2805
104889.0546875 2805
129577.4296875 2805
108717.03125 2811
182559.625 2811
101262.265625 2811
1661524.25 2811
58952.58984375 2811
185967.5625 2817
323231.125 2817
134255.59375 2817
84456.8046875 2817
64791.59375 2817
109952.4140625 2823
108361.5234375 2823
99483.8359375 2823
85943.375 2823
27916.96875 2823
100510.828125 2829
224516.625 2829
115235.5859375 2829
30232.953125 2829
26842.375 2829
113203.0234375 2835
350808.0625 2835
98102.125 2835
33645.71484375 2835
24378.4609375 2835
105274.9140625 2841
140911.875 2841
104475.9453125 2841
97600.578125 2841
45885.765625 2841
88867.8828125 2847
2669652.75 2847
198066.4375 2847
67401.3984375 2847
62306.55859375 2847
95221.6328125 2853
90064.6171875 2853
106109.6328125 2853
25225.564453125 2853
76379.5703125 2853
97344.59375 2859
202807.609375 2859
95211.625 2859
78035.4140625 2859
95021.046875 2859
110379.140625 2865
383630 2865
141985.265625 2865
79141.140625 2865
36491.7421875 2865
106837.5546875 2871
220907.9375 2871
90495.7578125 2871
44913.98828125 2871
81931.3671875 2871
86374.5390625 2877
1278852.375 2877
212270.421875 2877
32337.9375 2877
100776.1640625 2883
367482.15625 2883
286668.3125 2883
96938.671875 2883
87894.53125 2883
122964.4921875 2889
112815.296875 2889
224932.296875 2889
196498.203125 2889
78528.375 2889
91355.9609375 2889
145246.640625 2895
369555.53125 2895
137976.578125 2895
111019.3359375 2895
85984.1875 2895
93274.6171875 2901
161283.40625 2901
92373.6171875 2901
190045.3125 2907
88798.640625 2901
130310.28125 2907
952849 2907
117775.3671875 2907
41830.78515625 2907
164070.1875 2913
130112.6875 2913
120884.484375 2913
113690.6171875 2913
90942.96875 2913
54459.94921875 2913
236501.203125 2919
452916.65625 2919
302574.15625 2919
188223.140625 2919
187499.78125 2919
249606.03125 2925
466484.1875 2925
214557.234375 2925
204460.140625 2925
152319.296875 2925
243361.140625 2931
531692.6875 2931
217063.5 2931
922051.0625 2931
199387.9375 2931
243872.1875 2937
2527221.25 2937
196285.65625 2937
96983.3203125 2937
181821.78125 2937
236096.109375 2943
438823.4375 2943
432224.5 2943
235585.296875 2949
146204.0625 2943
216667.171875 2949
195221.53125 2949
607276.9375 2949
141197.84375 2949
70525.0546875 2949
208715.15625 2955
665776.0625 2955
196690.4375 2955
100814.8984375 2955
62148.6640625 2955
160352.09375 2961
327763.75 2961
158837.46875 2961
178349.3125 2967
129686.8046875 2961
175101.546875 2967
12047339 2967
1014956.25 2967
54023.96875 2967
40632.65625 2967
151534.109375 2973
203449.53125 2973
177637.3125 2973
147118.453125 2973
132961.796875 2973
156543.15625 2979
375116.6875 2979
137484.734375 2979
58108.2421875 2979
105695.0546875 2979
187142.390625 2985
247926.265625 2985
168538.390625 2985
229444.640625 2991
110060.1640625 2985
169628.625 2991
163540.734375 2991
368326 2991
151928.84375 2991
221853.5625 2997
202956.921875 2997
1329819.25 2997
288904.46875 2997
136662.90625 2997
58120.9375 2997
175546 3003
166398.65625 3003
160715.828125 3003
79134.84375 3003
73730.0078125 3003
172871.234375 3009
191537.625 3009
147830.1875 3009
199447.03125 3015
63975.546875 3009
134711.78125 3015
241624 3015
130160.5859375 3015
67169.15625 3015
175517.09375 3021
165054.640625 3021
182814.96875 3021
159467.25 3021
62121.81640625 3021
157537.859375 3021
152394.34375 3027
10643518 3027
140942.53125 3027
65443.33203125 3027
155912.5625 3033
140599.0625 3033
343721.84375 3033
134150.859375 3033
69927.46875 3033
125241.8984375 3033
123101.7578125 3039
292045.96875 3039
121192.0625 3039
111906.1953125 3039
68125.3203125 3039
153820.15625 3045
143324.296875 3045
141240.296875 3045
170751.578125 3051
106524.2734375 3045
155935.5625 3051
147413.78125 3051
141817.09375 3051
391116.1875 3051
114933.2890625 3051
156686.046875 3057
76461808 3057
158360.9375 3057
116258.5546875 3057
139600.734375 3057
138954.15625 3063
124943.28125 3063
113087.9375 3063
105744.4609375 3063
34267.625 3063
170935.078125 3069
243799.9375 3069
252313.328125 3069
123527.125 3069
154581.859375 3075
145191.015625 3075
253834.328125 3075
128264.5703125 3075
36798.55078125 3075
92956.765625 3075
96942.0234375 3081
109760.234375 3081
96687.171875 3081
76906.0078125 3081
42697.94921875 3081
86882.015625 3087
30660326 3087
104618.8125 3087
83259.171875 3087
75854.0078125 3087
97849.953125 3093
95414.265625 3093
89303.546875 3093
199606.609375 3093
27419.84375 3093
119597.84375 3099
186753.75 3099
130657.3046875 3099
103009.5859375 3099
41040.26953125 3099
103753.2265625 3105
113909.8046875 3105
126784.765625 3105
90636.5078125 3105
121076.953125 3105
100463.21875 3111
94960.0859375 3111
88516.421875 3111
85402.5234375 3111
37770.9296875 3111
117389.03125 3117
287385.5 3117
189327 3117
64947.375 3117
103554.28125 3117
130582.0625 3123
514564.375 3123
273897.6875 3123
166797.390625 3123
94930.2109375 3129
89710.59375 3129
241412.71875 3129
211006.34375 3129
78052.703125 3129
36888.5 3129
119187.421875 3135
152805.90625 3135
108606.203125 3135
428093.1875 3135
28614.484375 3135
115517.5859375 3141
157546.890625 3141
113460.90625 3141
90030.1875 3141
46089.46484375 3141
162861.578125 3147
181702.484375 3147
178947.28125 3147
58203.546875 3147
126952.578125 3147
127420.4453125 3153
5464736.5 3153
73506.421875 3153
67692.734375 3153
69554.703125 3153
161105.296875 3159
157045.71875 3159
157038.28125 3159
209292.796875 3165
66346.90625 3159
140119.546875 3165
302804.03125 3165
180858.625 3165
210242.546875 3171
169480.84375 3171
153421.421875 3171
201258.84375 3171
186356.953125 3171
65758.140625 3171
216098.140625 3171
144151.078125 3177
140704.515625 3177
131755.828125 3177
47822.07421875 3177
53623.77734375 3177
110159.75 3183
1654145.375 3183
103159.5390625 3183
50223.23046875 3183
47949.46875 3183
117036.03125 3189
115948.4375 3189
103645.5 3189
45573.484375 3189
136706.859375 3195
113193.6484375 3195
150260.875 3195
1889757.375 3195
204189 3195
49998.63671875 3195
112551.6796875 3201
99578.7421875 3201
98469.734375 3201
69893.1484375 3201
30731.33984375 3201
101471.5390625 3207
160281.8125 3207
131431 3207
27367.630859375 3207
122466.125 3213
98241.65625 3213
613206.9375 3213
115555.984375 3213
62107.96875 3213
192996.640625 3213
116646.2578125 3219
108106.5234375 3219
96272.0546875 3219
83054.0703125 3219
69054.5390625 3219
95552.4140625 3225
1598114.75 3225
124496.5 3225
82752.40625 3225
77497.3359375 3225
104099.0078125 3231
98126.2109375 3231
94274.5234375 3231
82867 3231
62291.140625 3231
116273.015625 3237
165161.734375 3237
159883.640625 3237
116136.3828125 3237
68518.0703125 3237
87843.96875 3243
346834.125 3243
139338.90625 3243
57458.08203125 3243
29787.56640625 3243
76821.8203125 3249
165391.34375 3249
94402.21875 3249
71555.5859375 3249
411984.1875 3249
352920.1875 3255
1384523.125 3255
105307.75 3255
261103.0625 3255
92133.203125 3255
102877.8828125 3261
87935.0859375 3261
78444.09375 3261
107870.3671875 3267
72455.6484375 3261
104346.5703125 3267
101102.4453125 3267
91437.875 3267
82681.21875 3267
81711.5703125 3267
120030.75 3273
332157.875 3273
145917.625 3273
281076.34375 3273
88928.2421875 3273
111063.78125 3279
100578.6015625 3279
94745.5703125 3279
82550.7734375 3279
84224.4140625 3279
110628.515625 3285
1394429 3285
193428.5 3285
248494.1875 3285
86897.21875 3285
107220.8671875 3291
123667.6484375 3291
113616.09375 3291
81939.5546875 3291
72451.4375 3291
103091.2734375 3297
102915.328125 3297
99625.8984375 3297
28956.240234375 3297
68827.421875 3297
114897.4296875 3303
102867.0859375 3303
124012.671875 3303
85801.765625 3303
156628.875 3309
135691.71875 3309
130952.453125 3309
535220.8125 3309
289902.96875 3309
38585.98046875 3309
130349.84375 3315
1960136.25 3315
104619.21875 3315
71229.28125 3315
78091.4453125 3315
106932.859375 3321
96046.28125 3321
94252.46875 3321
159061.4375 3327
140681.953125 3321
112508.7265625 3327
204346.921875 3327
111412.140625 3327
83232.2109375 3327
114803.1328125 3333
112341.390625 3333
104239.8515625 3333
98631.71875 3333
546511.1875 3333
49648.578125 3333
100335.9765625 3339
148785.15625 3339
121369.1484375 3339
72071.28125 3339
34708.16015625 3339
80695.4921875 3345
1507539.25 3345
252899.4375 3345
26763.958984375 3345
29171.396484375 3345
92381.96875 3351
157391.65625 3351
123537.2265625 3351
51083.0546875 3351
76636.375 3351
88116.3125 3357
232610.328125 3357
127066.3125 3357
18641.869140625 3357
74820.3984375 3363
69224.296875 3363
108147.4921875 3363
83507.6171875 3363
17244.990234375 3363
48151.96875 3363
81767.609375 3369
184609.71875 3369
105001.15625 3369
54914.4765625 3369
64726.9453125 3369
93022.859375 3375
161684.4375 3375
100664.5234375 3375
61407.10546875 3375
53635.828125 3375
88058.4140625 3381
95152.7109375 3381
85270.1640625 3381
80926.1484375 3381
81352.625 3381
78548 3387
368288.4375 3387
158029.859375 3387
88755.7421875 3387
76069.6875 3387
77236.375 3393
142393.265625 3393
142231.65625 3393
66850 3393
76395.203125 3393
92197.359375 3399
87678.6484375 3399
74172.078125 3399
61101.90625 3399
72064.765625 3399
78195.671875 3405
230757.53125 3405
114727.609375 3405
79680.109375 3405
109186.0546875 3405
61519.39453125 3411
64459.0390625 3411
61472.1484375 3411
26864.15234375 3411
61434.8828125 3411
90202.4453125 3417
287064.71875 3417
92259.8046875 3417
78318.484375 3417
28255.357421875 3417
77803.890625 3423
1019342.75 3423
160743.640625 3423
67489.2109375 3423
64563.859375 3423
104379.765625 3429
109730.375 3429
105661.265625 3429
86278.65625 3429
92174.0859375 3435
88015.65625 3435
148210.703125 3435
94789.78125 3435
73733.4453125 3435
70150.265625 3435
86698.125 3441
142801.640625 3441
84335.515625 3441
36500.0859375 3441
78793.7890625 3441
267241.4375 3447
117595.96875 3447
104874.21875 3447
39634.67578125 3447
40765.87890625 3447
78815.8359375 3453
138501.421875 3453
135418.078125 3453
42524.3203125 3453
91395.3125 3453
87426.8984375 3459
274175.09375 3459
81007.53125 3459
27330.9765625 3459
40531.53515625 3459
107297.78125 3465
120444.9921875 3465
85402.2578125 3465
32581.369140625 3465
82229.1484375 3465
91577.5546875 3471
92602.578125 3471
85692.8828125 3471
30428.09375 3471
22355.916015625 3471
88519.1328125 3477
142094.515625 3477
89768.515625 3477
79688.65625 3477
66047.7109375 3477
93749.296875 3483
146521.109375 3483
92734.65625 3483
58296.015625 3483
90141.0703125 3483
95292.9921875 3489
114801.8828125 3489
92900.203125 3489
42087.3671875 3489
74173.9765625 3489
93754.0859375 3495
109395.21875 3495
363839.6875 3495
107990.8984375 3501
94479.7421875 3501
90473.4375 3501
169523.71875 3501
150257.921875 3501
86370.40625 3501
86662.3515625 3507
72539.6484375 3507
86702.828125 3507
82564.421875 3507
43963.5703125 3507
69114.734375 3513
67030.9140625 3513
66934.0546875 3513
65755.4296875 3513
115088.3984375 3519
27001.537109375 3513
68058.6796875 3519
87047.0078125 3519
61455.4296875 3519
32590.796875 3519
34907.3515625 3519
87669.59375 3525
269054.28125 3525
126424.2890625 3525
97987.3515625 3525
21785.62890625 3525
72823.3046875 3531
178116.9375 3531
71566.4765625 3531
70814.5 3531
66133.2265625 3537
53154.234375 3537
85480.2734375 3537
46488.82421875 3537
27974.728515625 3537
26749.572265625 3537
85802.8046875 3543
123421.1640625 3543
102281.8125 3543
70156.1640625 3543
88898.734375 3549
75413.4609375 3549
74298.1484375 3549
64046.78125 3549
56729.4140625 3549
27218.30078125 3549
70758.828125 3555
66773.328125 3555
66021.0703125 3555
100361.7421875 3561
99710.9453125 3561
95869.4140625 3561
330179.15625 3561
121780.09375 3561
30829.33984375 3561
55452.1796875 3561
72840.484375 3567
147307.5625 3567
82384.46875 3567
28316.59375 3567
89308.65625 3567
78608.8359375 3573
105259.6875 3573
69703.3515625 3573
66437.625 3573
57887.2421875 3573
88150.296875 3579
81855.328125 3579
79191.2734375 3579
19383.80859375 3579
26571.173828125 3579
77603.2421875 3585
76427.3515625 3585
75036.90625 3585
28292.609375 3585
53099.52734375 3585
51974.3046875 3591
48832.57421875 3591
832355.625 3591
17679.365234375 3591
28661.451171875 3591
74415.1328125 3597
84887.421875 3597
73847.3984375 3597
64391.6640625 3597
22165.0546875 3597
59787.6640625 3603
95496.4296875 3603
68717.78125 3603
58112.8984375 3603
25398.119140625 3603
52782.04296875 3609
111069.375 3609
97075.8046875 3609
62370.4453125 3609
1206806.375 3609
76960.390625 3615
99123.4140625 3615
70622.5546875 3615
46328.29296875 3615
46202.70703125 3615
60976.6796875 3621
85658.6875 3621
398130.5 3621
106582.296875 3621
16428.97265625 3621
78774.4453125 3627
81607.1328125 3627
140064.828125 3627
38487.3046875 3627
37723.95703125 3627
77650.5546875 3633
100266.578125 3633
68962.578125 3633
68830.3671875 3633
17811.158203125 3633
54868.8515625 3639
73748.3359375 3639
70923.3125 3639
67210.3515625 3639
51246.41796875 3639
53129.4765625 3645
287289.625 3645
82315.125 3645
45924.35546875 3645
6477486 3645
186679.5 3651
440274.46875 3651
262712.09375 3651
65295.4375 3651
70962.0625 3651
122315.5703125 3657
187001.765625 3657
966492 3657
200707 3657
129823.578125 3657
122491 3663
135162.5625 3663
115788.8671875 3663
112941.28125 3663
94147.3671875 3663
90063.3125 3669
104047.140625 3669
976133.1875 3669
298413.09375 3669
156717.4375 3669
113563.9296875 3675
1011145.375 3675
128814.0078125 3675
93344.3203125 3675
34502.25 3675
114609.984375 3681
6128123.5 3681
369724.75 3681
201832.578125 3681
135359.078125 3681
234957.078125 3687
867050.0625 3687
148519.28125 3687
68570.984375 3687
71182.875 3687
102376.3515625 3693
150439.703125 3693
128667.5546875 3693
61120.26953125 3693
102322.515625 3693
96636.671875 3699
267884.125 3699
188188.46875 3699
100503.9609375 3705
77550.6875 3699
81157.6015625 3705
311904.53125 3705
191429.328125 3705
66917.609375 3705
106748.8359375 3705
119542.5 3711
3836610.75 3711
228395.875 3711
182006.65625 3711
103304.5625 3711
105358.03125 3717
577142.625 3717
232223.953125 3717
87332.203125 3717
98256.0546875 3717
135314.78125 3723
371534.375 3723
144693.1875 3723
67735.21875 3723
98385.7421875 3723
146003.71875 3729
188316.3125 3729
139689.453125 3729
82121.5859375 3729
158623.296875 3729
146728.4375 3735
759731.25 3735
197519.296875 3735
47510.3203125 3735
145627.875 3735
118422.5703125 3741
3800900.5 3741
257025.1875 3741
117204.4296875 3741
93003.375 3741
114551.0078125 3747
512381.875 3747
380652.5 3747
80274.8125 3747
54103.7265625 3747
163167.578125 3753
360696.3125 3753
276380.0625 3753
153184.59375 3753
146242.828125 3753
118822.65625 3759
162653.71875 3759
120860.6484375 3759
93538.40625 3759
86859.859375 3759
124576.40625 3765
278261.09375 3765
231930.359375 3765
105089.6796875 3765
97205.71875 3765
371028.84375 3771
4308170.5 3771
754062.125 3771
111351.2265625 3771
246344.3125 3771
242552.5 3777
975497.25 3777
632350.625 3777
455075.15625 3777
212400.0625 3777
200323.765625 3783
1833595.125 3783
385626.1875 3783
227600.296875 3783
150678.5 3783
231003.421875 3789
251106.8125 3789
179146.859375 3789
147213.65625 3789
107291.9453125 3789
134679.203125 3795
569057.1875 3795
130140.2421875 3795
79259.484375 3795
122191.90625 3795
138143.546875 3801
4499546.5 3801
457816.03125 3801
406791.5 3801
125124.46875 3801
189343.109375 3807
1205408.375 3807
920264.5 3807
738291.875 3807
830824.625 3807
300989.84375 3813
1662029.375 3813
772422.5625 3813
149373.3125 3813
155300.375 3813
182889.921875 3819
147180.375 3819
143242.984375 3819
469654.375 3819
138673.640625 3819
241410.609375 3825
2756751.75 3825
360391.15625 3825
199113.859375 3825
268717.84375 3825
211673.53125 3831
275180.4375 3831
190325.84375 3831
172667.953125 3831
151665.859375 3831
168817.53125 3837
1734178.75 3837
1307977.25 3837
635045.125 3837
311254.15625 3837
251622.171875 3843
1613889.125 3843
241498.59375 3843
207262.390625 3843
222547.21875 3843
168444.234375 3849
574540.5 3849
393836.34375 3849
163803.671875 3849
107669.828125 3849
126818.6796875 3855
876918.875 3855
621071.4375 3855
377773.15625 3855
477971.09375 3855
142337.015625 3861
284367.65625 3861
256793.78125 3861
136172.265625 3861
142283.1875 3861
113303.8125 3867
1132634.375 3867
500724.1875 3867
186112.296875 3867
108828.1484375 3867
108053.46875 3873
957034.6875 3873
492953.84375 3873
406175.375 3873
194126.90625 3873
145085.609375 3879
329313.21875 3879
325789.6875 3879
95504.2265625 3879
91698.15625 3879
144099.25 3885
293731.4375 3885
142349 3885
65755.2890625 3885
115954.0625 3885
746246.5625 3891
318026.5 3891
165391.515625 3891
146265.921875 3891
426320.75 3891
142091.28125 3897
393165.5625 3897
130912.625 3897
127733.75 3897
76194.5625 3897
127590.265625 3903
4778185 3903
886267.25 3903
123697.3203125 3903
119725.1171875 3903
119865 3909
1054658.375 3909
634643.3125 3909
310623.28125 3909
187773.828125 3909
119083.8515625 3915
329975.96875 3915
323134.0625 3915
87572.5390625 3915
111848.96875 3915
156425.5 3921
880468.8125 3921
864354.0625 3921
677815.25 3921
326622.21875 3921
203704.640625 3927
786296.625 3927
389461 3927
190061.71875 3927
126333.21875 3927
239158.296875 3933
3049928.25 3933
1320406.125 3933
280486.15625 3933
136119.203125 3933
150263.171875 3939
277355.03125 3939
191868.046875 3939
146824.140625 3939
125870.2578125 3939
128405.546875 3945
318203.65625 3945
112575.6328125 3945
85019.3046875 3945
95637.5859375 3945
100486.546875 3951
838157.6875 3951
645346.3125 3951
218717.59375 3951
66432.5546875 3951
75274.75 3957
721528.5625 3957
629953.4375 3957
395891.53125 3957
317955.6875 3957
183763.515625 3963
4676888 3963
3696418.5 3963
1030646.3125 3963
778711 3963
397331.59375 3969
592206.4375 3969
385473.5 3969
296185.78125 3969
63000.28515625 3969
173481.828125 3975
264668 3975
134263.890625 3975
120786.8046875 3975
89944.7109375 3975
180003.09375 3981
1349676.875 3981
348971.09375 3981
246149.765625 3981
109347.328125 3981
118854.390625 3987
618844 3987
488411.53125 3987
475259.71875 3987
346608.6875 3987
210424.71875 3993
25610832 3993
21667892 3993
265493.25 3993
202933.0625 3993
120125.0625 3999
1281542 3999
618727.5625 3999
448763.03125 3999
296039.84375 3999
166197.84375 4005
337274.4375 4005
128867.8125 4005
123572.3203125 4005
82144.1953125 4005
137309.3125 4011
601177.375 4011
170805.078125 4011
118958.3359375 4011
162719.4375 4011
137298.21875 4017
624951.375 4017
135138.875 4017
104199.7265625 4017
82223.328125 4017
138458.828125 4023
6861231.5 4023
578281.25 4023
420268.90625 4023
387085.9375 4023
177008.453125 4029
4786682.5 4029
528681.625 4029
321214.03125 4029
103382.4296875 4029
189419.375 4035
250559.0625 4035
231224.921875 4035
126589.5390625 4035
101363.859375 4035
171254.03125 4041
1686571.375 4041
1165154.5 4041
90147.2734375 4041
163095.03125 4041
163906.625 4047
1404474.25 4047
296397 4047
66104.6875 4047
120815.34375 4047
100783.7890625 4053
774380.0625 4053
382384.25 4053
43908.6875 4053
85233.0625 4053
144929.359375 4059
778082.8125 4059
120131.3046875 4059
81979.296875 4059
107720.5390625 4059
131828.421875 4065
147269.890625 4065
127885.59375 4065
90417.53125 4065
99952.9765625 4065
124822.6796875 4071
3680562.5 4071
3320293.75 4071
71794.90625 4071
19869.353515625 4071
86115.90625 4077
1751226.75 4077
730775.6875 4077
338586.15625 4077
276512.6875 4077
138802.890625 4083
262271.71875 4083
110993.1875 4083
94405.7265625 4083
60827.50390625 4083
116911.4140625 4089
673691.9375 4089
436229.71875 4089
70577.90625 4089
211844.5 4089
134122.0625 4095
2610499.25 4095
234853.3125 4095
89420.1328125 4095
124033.7265625 4095
152955.828125 4101
1855402.75 4101
894409.4375 4101
1477778.5 4101
865309.5 4101
260991.625 4107
487865.21875 4107
119866.8671875 4107
58571.84375 4107
103462.1640625 4107
127322.1875 4113
1397709.625 4113
934904.6875 4113
111677.546875 4113
101978.9375 4113
78970.9296875 4119
1208536.375 4119
704842.3125 4119
553725.5 4119
231917.984375 4119
322121.84375 4125
2195805 4125
542683.5 4125
203515.3125 4125
295210.71875 4125
174615.3125 4131
822833.0625 4131
454021.09375 4131
335207.84375 4137
240022.96875 4131
151643.84375 4137
1226862 4137
506791.46875 4137
378732.8125 4137
258026.90625 4137
157590.921875 4143
397321.25 4143
265578.0625 4143
148495.421875 4143
71526.9375 4143
160558.453125 4149
1386758.625 4149
143545.484375 4149
112915.125 4149
85164.7734375 4149
150284.390625 4155
1850973.75 4155
747737 4155
442486.09375 4155
104197.78125 4155
160240.734375 4161
424919.125 4161
387007.40625 4161
229426.71875 4161
146936.515625 4161
197090.71875 4167
1880733.625 4167
1799103 4167
138722.265625 4167
293307.3125 4167
143199.140625 4173
232071.953125 4173
138966.65625 4173
77640.28125 4173
76966.1171875 4173
111108.796875 4179
1273528.75 4179
456972.75 4179
109635.90625 4179
130427.2578125 4179
106795.859375 4185
716173 4185
164802.65625 4185
157766.609375 4185
55424.6015625 4185
84252.203125 4191
652586.6875 4191
234600.046875 4191
45864.6015625 4191
162973.03125 4191
97110.59375 4197
1379804.125 4197
1370776.625 4197
356784.15625 4197
320897.53125 4197
232294.828125 4203
1105360.125 4203
175643.765625 4203
169720.8125 4203
159064 4203
159038.171875 4209
1581710.125 4209
404405.65625 4209
81995.2890625 4209
121673.375 4209
96261.5625 4215
293101.8125 4215
219836.34375 4215
108964.0859375 4215
36501.94140625 4215
82931.34375 4221
104250.109375 4221
76384.890625 4221
75916.3203125 4221
139055.3125 4221
84576.2265625 4227
221678.671875 4227
79169.359375 4227
73972.7421875 4227
18217.953125 4227
74974.8671875 4233
505107.125 4233
362692.6875 4233
286953.6875 4233
194396.6875 4233
71821.65625 4239
351223.25 4239
136652.484375 4239
45680.1328125 4239
42160.0859375 4239
67702.4765625 4245
1228522.75 4245
192662.625 4245
41851.9609375 4245
130311.296875 4245
125760.1875 4251
171368.796875 4251
163352.125 4251
110658.7578125 4251
74248.3828125 4251
77301.984375 4257
9431931 4257
1146086 4257
170574.171875 4257
55162.00390625 4257
76202.2109375 4263
284021.84375 4263
68572.5859375 4263
17145.02734375 4263
54532.2890625 4263
88479.34375 4269
280198.3125 4269
178225.03125 4269
145850.234375 4269
131638.4375 4269
89920.2734375 4275
2239509.75 4275
312298.46875 4275
58514.65234375 4275
235971.765625 4275
235339.8125 4281
862182.5 4281
214800.25 4281
187759.171875 4281
190771 4281
297350.1875 4287
112784504 4287
978517.125 4287
139898.0625 4287
225891.078125 4287
334646.03125 4293
1122882 4293
311462.6875 4293
763986.8125 4299
228941.5625 4293
205702.03125 4299
575397.6875 4299
388358.25 4299
311012.59375 4305
180252.953125 4299
174626.625 4305
15034284 4305
579003.5625 4305
128839.5703125 4305
156294.1875 4311
142861.9375 4311
1454908.25 4311
445304.1875 4311
230097.5 4311
124918.515625 4311
244085.984375 4317
86160920 4317
318727.1875 4317
272585.09375 4317
107986.7734375 4317
147536.1875 4323
3972919.75 4323
1362306 4323
333244.46875 4323
214694.21875 4329
155514.515625 4329
2568993 4329
147520.5625 4329
133313.96875 4329
117216.4140625 4329
136841.046875 4335
4772698.5 4335
517851.90625 4335
138082.015625 4341
121545.015625 4335
130165.9375 4341
213774.296875 4341
155576.046875 4341
93744.2890625 4341
126703.234375 4341
163036.25 4347
31499336 4347
290014.46875 4347
284117.71875 4347
77651.703125 4347
189258.046875 4353
3982734.75 4353
160450.234375 4353
149549.1875 4353
139851.953125 4353
214559.59375 4359
1177781.25 4359
712779.1875 4359
241215.1875 4359
134985.765625 4359
172075.015625 4365
3155960 4365
162490.546875 4365
121568.171875 4365
126785.1484375 4365
166750.78125 4371
271535.78125 4371
161910.328125 4371
117745.1015625 4371
157075.453125 4371
172919.015625 4377
169048.171875 4377
160960.859375 4377
80962.8046875 4377
155365.28125 4377
138684.609375 4383
29699942 4383
226273.4375 4383
106882.234375 4383
168840.265625 4383
175494.25 4389
1334463.125 4389
181643.40625 4389
80739.2578125 4389
126125.4375 4389
116592.2265625 4395
2899304 4395
241605.609375 4395
109166.28125 4395
115589.3046875 4395
110535.6953125 4401
272775.15625 4401
213697.28125 4401
211628.5 4401
197401.40625 4401
184129.5 4407
223975.96875 4407
202966.21875 4407
119126.046875 4407
148861.53125 4407
127251.265625 4413
10281884 4413
556684.5625 4413
120821.59375 4413
190437.21875 4413
169928.484375 4419
376882.625 4419
293014.25 4419
103497.8203125 4419
164992.953125 4419
185471.6875 4425
1053906 4425
183759.875 4425
127464.1953125 4425
81539.71875 4425
106529.875 4431
231693 4431
200233.3125 4431
145062.875 4431
144761.921875 4431
120786.6171875 4437
1089896.125 4437
534217.1875 4437
285120.4375 4437
108287.9140625 4437
99720.9140625 4443
528095.8125 4443
117094.609375 4443
116071.2109375 4443
52293.68359375 4443
90845.1953125 4449
591709.125 4449
279208.5625 4449
244152.421875 4449
90225.84375 4449
130896.0859375 4455
177884.28125 4455
147568.640625 4455
95086.5546875 4455
116524.171875 4455
83518.3359375 4461
2881429.5 4461
530604.3125 4461
221331.8125 4461
84070.0546875 4461
89926.734375 4467
228608.5 4467
225901.015625 4467
191448.6875 4467
755867.3125 4467
153388.046875 4473
1417141.125 4473
328835.71875 4473
258404.515625 4473
146007.375 4473
128591.421875 4479
3653044.25 4479
345401.96875 4479
152467.125 4479
134425.84375 4479
125200.0234375 4485
186399.578125 4485
124218.9765625 4485
116748.0859375 4485
74903.4296875 4485
108415.859375 4491
3176759.25 4491
894615 4491
106197.9609375 4491
104857.6015625 4491
124981.8984375 4497
624647 4497
372588.8125 4497
342944.625 4497
102430.546875 4497
111761.9609375 4503
483978.6875 4503
251001.171875 4503
74151.0546875 4503
135346.96875 4503
90348.8359375 4509
3904488.75 4509
2033080.625 4509
310925.9375 4509
49915.7265625 4509
107281.671875 4515
3027671 4515
834210.1875 4515
189707.328125 4515
97595.3203125 4515
87455.2109375 4521
5673447.5 4521
411827.5625 4521
147615.953125 4521
89900.7109375 4521
81218.296875 4527
826419.75 4527
245431.515625 4527
74179.7578125 4527
61796.98828125 4527
70325.5703125 4533
1675794.875 4533
439048.875 4533
160797.703125 4539
100535.8984375 4533
111510.3671875 4539
4613539 4539
679612.375 4539
89575.0390625 4539
25459.162109375 4539
159195.0625 4545
2958385 4545
148599.734375 4545
484507.875 4551
127683.03125 4545
239494.15625 4551
119349160 4551
214712.21875 4551
683119.375 4557
516695.96875 4557
238547.203125 4557
216419.953125 4557
205538.109375 4557
165622.84375 4557
458441.21875 4563
263574.53125 4563
30227098 4563
209375.859375 4563
647063.625 4569
71531.8203125 4563
270712.90625 4569
65229984 4569
1521548.375 4569
643695.375 4569
242084.640625 4569
291366.125 4575
997149.875 4575
819669.3125 4575
80325 4575
158018.0625 4575
328397.21875 4581
169002464 4581
2840664.5 4581
566380.625 4587
393166.9375 4581
365368.9375 4587
325460.3125 4587
315549.8125 4587
86349.296875 4587
243184.046875 4587
180357.21875 4593
12158534 4593
1172478.625 4593
47581.57421875 4593
320760.5625 4593
283472.40625 4599
48830284 4599
2048853.625 4599
276694.34375 4599
165101.953125 4599
178194.015625 4605
660369.75 4605
466127.03125 4605
167813.71875 4605
113754.625 4605
119723.9765625 4611
47961484 4611
205086.4375 4611
38489.07421875 4611
35112.296875 4611
169731.9375 4617
373997.6875 4617
214413.234375 4617
37594.78515625 4617
42458.8984375 4617
136861.21875 4623
285701.34375 4623
142758.5625 4623
80375.4375 4623
112583.59375 4623
192927.28125 4629
18313730 4629
1751264.25 4629
538491 4635
179244.9375 4629
210457.421875 4635
81139800 4635
14661806 4635
448474.8125 4635
198126.09375 4635
261662.59375 4641
2828616.5 4641
268648.4375 4641
155719.296875 4641
233861.546875 4641
479243.28125 4647
1878812.875 4647
783480.125 4647
256015.25 4647
377192.8125 4647
167498.546875 4653
436707.90625 4653
430422.75 4653
140814.34375 4653
259888.625 4659
145137.125 4659
371476.875 4659
232147.5 4659
178174.28125 4665
174722.84375 4659
120389.65625 4665
37359992 4665
423482.3125 4665
129935.34375 4665
100903.09375 4665
134400.546875 4671
11358827 4671
4696443 4671
304586.28125 4671
212941.796875 4671
114505.859375 4677
539842.4375 4677
492932.15625 4677
414732.75 4677
147209.875 4677
107570.9375 4683
418418.28125 4683
176235.9375 4683
94252.28125 4683
135835.921875 4683
106323.109375 4689
123752.203125 4689
98208.515625 4689
91966.484375 4689
32146.298828125 4689
69556.9765625 4695
63910.01171875 4695
62657.56640625 4695
77969.484375 4701
21419.3828125 4695
73427.7578125 4701
3265271 4701
687782.9375 4701
674615.9375 4701
64354.33203125 4701
75531.2578125 4707
400982.28125 4707
271063.6875 4707
46992.9140625 4707
63801.12109375 4713
63314.82421875 4713
381684.15625 4713
16317925 4713
1724163.125 4713
147571.5 4713
113964.7578125 4719
301761.28125 4719
105438.640625 4719
97612.671875 4719
89257.359375 4719
99969.90625 4725
370098.96875 4725
183692.53125 4725
63403.08203125 4725
66161.4375 4725
74648.3046875 4731
246038.640625 4731
72319.4765625 4731
23996.98828125 4731
207888.75 4731
63418.12890625 4737
506888.09375 4737
465294 4737
430014.84375 4737
224039.65625 4737
128158.4453125 4743
520557.53125 4743
352676.75 4743
78686.5625 4743
62957.03515625 4743
49145.75 4749
10367093 4749
1447133.625 4749
164333.140625 4749
19591.451171875 4749
86224.8984375 4755
1106252.625 4755
395553.625 4755
134698.484375 4755
218730.28125 4755
137007.34375 4761
503174.03125 4761
88676.6953125 4761
114986.9921875 4767
56918.4765625 4761
91818.953125 4767
300400.53125 4767
118630.96875 4767
64373.35546875 4767
91396.65625 4767
68139.953125 4773
2910949.75 4773
361883.40625 4773
66958.1640625 4773
90361.171875 4773
64131.546875 4779
3689280.5 4779
476227.53125 4779
16932.169921875 4779
49477.46875 4779
88847.796875 4785
254742.71875 4785
231384.953125 4785
72383.140625 4785
22856.6328125 4785
66560.484375 4791
795981.1875 4791
180901.609375 4791
59531.10546875 4791
60449.08984375 4791
75583.5234375 4797
179121.96875 4797
132291.578125 4797
61196.49609375 4797
117677.34375 4803
115949.9375 4803
2573299.5 4803
1255457.625 4803
103571.46875 4803
81912.7578125 4803
153383.703125 4809
29003154 4809
554039 4809
353126.40625 4809
90817.6953125 4809
182735.1875 4815
144226.890625 4815
137887.546875 4815
127249.6796875 4815
16630360 4815
118208.328125 4821
2712982.75 4821
464073.28125 4821
73042.8125 4821
100812.3828125 4821
93721.15625 4827
253347.953125 4827
201158.5625 4827
154245.0625 4833
166746.625 4827
110707.546875 4833
1341065.25 4833
1088353 4833
375594.6875 4833
28878.4609375 4833
117820.328125 4839
25161692 4839
270083.03125 4839
105005.7109375 4839
94300.890625 4839
136628.140625 4845
415062.46875 4845
406669.40625 4845
134028.671875 4845
271718.25 4845
137435 4851
13947314 4851
1106626.125 4851
146484 4851
99160.4453125 4851
93431.7265625 4857
116045.0390625 4857
85058.6484375 4857
72254.6484375 4857
24523.138671875 4857
71354.5625 4863
214073.203125 4863
196588.09375 4863
24423.125 4863
51564.53125 4863
58927.36328125 4869
11026639 4869
997775.1875 4869
135933.96875 4875
138136.8125 4869
95955.078125 4875
377859.09375 4875
369886.375 4875
197983.484375 4875
80422.65625 4875
71440.0546875 4881
11497792 4881
281682.96875 4881
153470.203125 4881
99454.84375 4881
73287.1328125 4887
160647.078125 4887
64318.62890625 4887
56950.01953125 4887
75246.203125 4893
71489.8125 4893
942128.3125 4893
386329.90625 4893
86483.828125 4899
76270.484375 4893
58843.65234375 4899
953966.0625 4899
829895 4899
174607.578125 4899
207225.546875 4899
86037.21875 4905
308161.4375 4905
135811.921875 4905
74850.8984375 4905
103542.28125 4905
75823.1328125 4911
10083598 4911
313153.96875 4911
33107.7421875 4911
42766.96484375 4911
64857.8671875 4917
201795.4375 4917
102799.046875 4917
35631.21484375 4917
56993.37890625 4917
54865.8203125 4923
357787.125 4923
5695153 4923
112566.5625 4923
79222.0859375 4923
61825.20703125 4929
554465.25 4929
401051 4929
81436.6015625 4929
45140.18359375 4929
62099.01953125 4935
400546.28125 4935
242850.109375 4935
86699.1015625 4935
49179.28125 4935
65691.09375 4941
12532100 4941
440090.3125 4941
108394.90625 4941
68984.3515625 4941
86510.3359375 4947
214294.84375 4947
118227.6328125 4947
67673.28125 4947
83341.890625 4947
70240.0625 4953
94452 4953
84602.4921875 4953
70127.09375 4953
55549.1328125 4953
52402.0390625 4959
4096898 4959
794389.6875 4959
374492.15625 4959
292197.78125 4959
64523.79296875 4965
528735.375 4965
292960.53125 4965
128820.7578125 4965
61015.33984375 4965
74616.6796875 4971
15079500 4971
80940.0546875 4971
39349.26953125 4971
12019.353515625 4971
50182.44140625 4977
136155.859375 4977
132579.46875 4977
70363.5234375 4977
58388.25 4977
53280.78125 4983
92306.59375 4983
91030.90625 4983
40169.61328125 4983
44701.91796875 4983
66582.3984375 4989
4161059 4989
1137897.25 4989
40290.7734375 4989
21123.65625 4989
59333.0625 4995
16254883 4995
14811866 4995
283536.875 4995
25579.603515625 4995
113712.703125 5001
120141.5078125 5001
96397.2578125 5001
24854.919921875 5001
21587.095703125 5001
50167.4921875 5007
145874.984375 5007
76822.1796875 5007
70930.5078125 5007
51839.2265625 5007
54007.1953125 5013
156336.109375 5013
81925.09375 5013
60068.4765625 5019
29192.029296875 5013
48573.625 5019
5233751 5019
109660.6640625 5019
17410.984375 5019
69972.71875 5019
72848.9453125 5025
6422566.5 5025
70325.921875 5025
57502.2109375 5025
43607.31640625 5025
59905.6328125 5031
4963157 5031
303685.875 5031
147028.15625 5031
284279.53125 5031
65897.328125 5037
50348.140625 5037
47346.8984375 5037
23519.05078125 5037
100800.53125 5043
69826.921875 5043
152844.875 5043
51336.359375 5043
161594.828125 5043
42446.11328125 5043
65154.75390625 5049
7320786 5049
206234.90625 5049
195983.34375 5049
86010.6796875 5049
68870.703125 5055
4461212 5055
165614.53125 5055
49222.00390625 5055
22048.181640625 5055
2585765 5061
199119.140625 5061
140977.90625 5061
90023.34375 5061
43828.1796875 5066
807172.8125 5066
77690.140625 5066
89512.5 5072
26286.751953125 5066
58694.0078125 5072
326956.5 5072
119730.0234375 5072
19896.357421875 5072
55978.453125 5078
45976.3359375 5078
6128688.5 5078
41172.87890625 5078
71588.65625 5084
47317.5078125 5084
37581.109375 5084
355350.8125 5084
88914.3984375 5084
14125.3525390625 5084
36042.6171875 5084
46044.484375 5090
1708424 5090
39900.31640625 5090
17751.94140625 5090
17303.017578125 5090
27200.052734375 5096
922245 5096
334859.65625 5096
54744.6953125 5102
15228.375 5096
36845.828125 5102
318062.96875 5102
124010.859375 5102
88885.1953125 5102
18486.287109375 5102
33823.56640625 5108
94404.3671875 5108
3403270 5108
40926.30078125 5108
55202.828125 5108
33893.8203125 5114
219150.46875 5114
53542.16796875 5114
15577.236328125 5114
10831.873046875 5114
28884.474609375 5120
1103547.75 5120
344698.5 5120
320183.0625 5120
163225.625 5120
125134.375 5126
2303226 5126
823243.5625 5126
86316.7421875 5126
38559.1796875 5126
29326.91015625 5132
174009.046875 5132
111023.3046875 5132
87800.515625 5132
58908.125 5132
44372.9140625 5138
65998.765625 5138
34681.390625 5138
11798.7001953125 5138
15574.59375 5138
31205.58203125 5144
2506386.75 5144
16419.384765625 5144
10689.14453125 5144
82247.4140625 5150
18158.05078125 5150
17799.103515625 5150
30144.166015625 5154
2644690 5150
337563.21875 5154
195302.6875 5154
121130.9296875 5154
87717.7109375 5154
374913.4375 5159
206025.40625 5159
54897.015625 5159
16039.1181640625 5159
30951.189453125 5165
109536.2734375 5165
70008.609375 5165
16094.6826171875 5165
16916.904296875 5165
28621.0390625 5171
2658198.25 5171
54575.46484375 5171
13497.62109375 5171
35277.9765625 5177
32702.90625 5177
54320.640625 5177
35046.30078125 5177
13179.642578125 5177
1055968.125 5177
1187203.125 5183
1064302.75 5183
110161.0234375 5183
78817.3046875 5183
31542.4921875 5183
64154.734375 5189
622089.4375 5189
243611.609375 5189
182348 5189
175032.9375 5189
264628.34375 5195
96839.34375 5195
207705.484375 5195
96669.953125 5195
76481.625 5195
53527.8125 5201
3498205 5201
236865.859375 5201
47355.06640625 5201
19245.486328125 5201
51838.4140625 5207
73109.0546875 5207
47671.953125 5207
39501.3984375 5207
47171.72265625 5207
45225.546875 5213
1324469.75 5213
1242373.375 5213
38375.89453125 5213
33822.75 5213
39128.71484375 5219
3201587.25 5219
51820.23046875 5219
13941.7548828125 5219
17761.5234375 5219
39280.33984375 5225
878448.6875 5225
797193.4375 5225
337065.15625 5225
54133.2421875 5225
3316087 5231
673778.3125 5231
163037.09375 5231
110507.5390625 5231
20749.017578125 5231
148879.53125 5236
52073.0859375 5236
49075.53125 5236
23708.640625 5242
19983.638671875 5242
988800.375 5242
58080.859375 5242
22648.875 5242
10948.9951171875 5242
42349.74609375 5248
4712549.5 5248
966888.0625 5248
54455.41015625 5248
21563.310546875 5248
49956.91796875 5254
480051.0625 5254
46186.84375 5254
44780.26171875 5260
21608.890625 5254
18513.341796875 5260
2944443 5260
416424.34375 5260
350558.25 5260
133281.140625 5260
75436.34375 5266
592769.9375 5266
149119.75 5266
173798.59375 5266
47397.69921875 5266
76378.3125 5272
943395.625 5272
80539.1640625 5272
128381.6328125 5272
67817.8203125 5272
47872.65234375 5278
80976.484375 5278
231732.234375 5278
66826.3125 5278
53117.1484375 5278
20623.185546875 5284
1347051.25 5284
831087.0625 5284
61684.91796875 5284
66628.2734375 5284
51078.078125 5290
166713.140625 5290
455861.53125 5290
14001.7890625 5290
21514.509765625 5290
41087.93359375 5296
902472.3125 5296
742356.0625 5296
326214.78125 5296
168142.71875 5296
94258.7421875 5302
893556.125 5302
140690.734375 5302
81282.4609375 5302
18808.44140625 5302
89502.5078125 5308
51534.7890625 5308
47300.73046875 5308
44745.11328125 5308
15664.1162109375 5308
43133.6640625 5314
535816.375 5314
268059.65625 5314
51417.1171875 5314
36642.98828125 5314
36574.125 5320
1179660.625 5320
49615.0078125 5320
53936.015625 5326
35097.81640625 5320
452449.625 5326
138553.171875 5326
53480.34765625 5326
58748.07421875 5326
10262.66796875 5326
1304560.625 5331
304712.75 5331
244105.75 5331
179585.625 5331
154709.9375 5337
173683.9375 5337
170816.796875 5337
92213.0390625 5337
57144.5078125 5337
75425.8671875 5343
157135.09375 5343
54625.6328125 5343
35023.6015625 5343
33246.69921875 5343
40491.69140625 5349
204943.1875 5349
58516.609375 5349
40054.43359375 5349
31411.369140625 5349
48488.63671875 5355
68729.21875 5355
45997.33203125 5355
15632.197265625 5355
42584.71484375 5355
40984.75390625 5361
59898.2421875 5361
40739.95703125 5361
94372.34375 5361
15934.79296875 5361
49308.0546875 5367
270693.5 5367
48653.4140625 5367
46633.64453125 5367
47560.76953125 5367
64982.921875 5373
125933.0078125 5373
74191.890625 5373
18797.01171875 5373
66429.0390625 5373
72313.890625 5379
164829.296875 5379
51633.5859375 5379
34014.015625 5379
43351.5546875 5379
55883.26953125 5385
111134.546875 5385
89573.671875 5385
40225.4140625 5385
14476.451171875 5385
45977.47265625 5391
147312.5 5391
70123.921875 5391
34952.578125 5391
66196.1484375 5391
51039.953125 5397
202275.375 5397
49945.859375 5397
35303.515625 5397
48338.15234375 5403
46029.5390625 5403
94902.8828125 5403
53038.1640625 5403
45923.91796875 5403
44303.71484375 5403
42667.98828125 5409
334369.6875 5409
420412.6875 5409
56494.65234375 5409
92936.078125 5409
64522.83203125 5415
314519.75 5415
110368.0703125 5415
20845.466796875 5415
14462.2138671875 5415
52079.21484375 5421
130923.3203125 5421
1664413.5 5421
22477.0546875 5421
20455.50390625 5421
50065.07421875 5427
188565.546875 5427
46962.25 5427
38623.02734375 5427
42891.55859375 5427
64372.44921875 5433
80910.4765625 5433
46638.16015625 5433
37908.7890625 5433
57713.2734375 5439
305505.65625 5439
373566.71875 5439
217865.421875 5439
156373.546875 5439
117242.9140625 5439
59986.984375 5445
426930.3125 5445
87282.7421875 5445
16107.9189453125 5445
53482.62109375 5445
38806.95703125 5451
136816.71875 5451
105140.1015625 5451
85846.0390625 5457
82175.9921875 5451
61440.9296875 5457
54217.2265625 5457
45985.125 5457
15679.3291015625 5457
55407.15234375 5463
53911.26953125 5463
139036.484375 5463
325936.1875 5463
19075.34375 5463
19313.19140625 5463
64569.88671875 5469
206973.96875 5469
124944.9921875 5469
58215.82421875 5469
60938.69140625 5469
96579.375 5475
439330.8125 5475
95177.75 5475
55223.9921875 5475
93942.6796875 5475
740781.75 5481
187461.1875 5481
99167.875 5481
96566.5078125 5481
818206 5481
101810.9609375 5487
756331.625 5487
531278.625 5487
526044.5625 5487
62202.37890625 5487
103758.703125 5493
362011.75 5493
246735.78125 5493
52346.3984375 5493
101264.6796875 5493
89942.4453125 5499
309622.125 5499
176643.75 5499
144920.953125 5499
140650.5 5499
84024.875 5505
411317.71875 5505
115725.6171875 5505
45479.453125 5505
40228.20703125 5505
63567.91796875 5511
622623.3125 5511
253980.40625 5511
98191.78125 5511
53968.2265625 5511
65140.26171875 5517
715779.5 5517
385101.3125 5517
380001.65625 5517
299098.03125 5517
615189.375 5523
455686.1875 5523
202514.59375 5523
113430.9609375 5523
151703.46875 5523
134713.703125 5529
296099.25 5529
125665.4296875 5529
60199.1640625 5529
22268.2578125 5529
128603.25 5535
473406.3125 5535
250851.453125 5535
103121.8203125 5535
112098.984375 5535
170775.1875 5541
512819.40625 5541
272171.4375 5541
56766.71875 5541
150814.265625 5541
132350.671875 5547
505927.96875 5547
448444.0625 5547
108246.203125 5547
27112.560546875 5547
157737.03125 5553
536458 5553
473621.71875 5553
148071.59375 5553
136854.34375 5553
123149.3046875 5559
721923.8125 5559
274954.5 5559
119353.5078125 5559
136066.59375 5559
115481.890625 5565
450512.3125 5565
200783.515625 5565
111456.125 5565
130092.796875 5565
99112.9765625 5571
576112.75 5571
221539.71875 5571
82994.1328125 5571
29633.58984375 5571
117783.203125 5577
609623.125 5577
196888.328125 5577
95349.71875 5577
196034.5625 5577
206259.734375 5583
1285909.125 5583
562681.1875 5583
390052.6875 5583
424864.84375 5583
289194.375 5589
921513.5 5589
358394.40625 5589
200674.328125 5589
164174.78125 5589
255212.59375 5595
245963.03125 5595
161371.96875 5595
121619.9140625 5595
128970.3515625 5595
163017.4375 5601
678938.3125 5601
601475.1875 5601
325516.6875 5601
213730.125 5601
126168.0390625 5607
824831.25 5607
698473.625 5607
550217.375 5607
279323.5 5607
166898.90625 5613
1278741.625 5613
893183.875 5613
283474.59375 5613
192582.65625 5613
275876.625 5619
637858 5619
567440.25 5619
524106.75 5619
474196.84375 5619
360919.5 5625
320453.03125 5625
306069.78125 5625
240522.171875 5625
171898.125 5625
221175.21875 5631
721827.6875 5631
659684.25 5631
161803.421875 5631
97860.796875 5631
180376.71875 5637
1253514.125 5637
929536.3125 5637
693931 5637
94535.1640625 5637
225875.671875 5643
2655782 5643
1682694 5643
676938.125 5643
350160.28125 5643
429058.21875 5649
6485281.5 5649
1596816.5 5649
262984.78125 5649
181720.3125 5649
475912.71875 5655
795012.125 5655
503079.1875 5655
392185.28125 5655
332165.65625 5655
336223.5 5661
1411446.75 5661
311116.9375 5661
198876.78125 5661
299327.1875 5661
378673.34375 5667
2273968.75 5667
2217692.25 5667
1200840 5667
349875.59375 5667
426400.71875 5673
7162101.5 5673
1723394.75 5673
875007.625 5673
234224.71875 5673
288830.46875 5679
2658738.5 5679
2000052.5 5679
1226421.5 5679
1250649 5679
435474.5625 5685
899614.8125 5685
505268.25 5685
172546.9375 5685
184445.03125 5685
523535 5691
370339.375 5691
340279.75 5691
225928.6875 5691
260464.90625 5691
355659.21875 5697
798292.5 5697
694922.4375 5697
255171.296875 5697
451880.15625 5697
406118.5 5703
3566718.5 5703
1503741.625 5703
403843.1875 5703
687042.25 5703
360392.28125 5709
957095.9375 5709
361142.71875 5709
194396.953125 5709
294206.75 5709
328727.03125 5715
1646352.75 5715
419562.5 5715
372000.8125 5715
244188.171875 5715
335923.28125 5721
1559862.875 5721
1205474.125 5721
213228.53125 5721
306641.53125 5721
297782.5 5727
1578208.625 5727
707271.4375 5727
474183.90625 5727
42053.97265625 5727
232690 5733
402492.4375 5733
224080.96875 5733
143540.40625 5733
55031.65625 5733
188592.953125 5739
2789242.25 5739
775298.375 5739
684831.5 5739
159816.234375 5739
178533.484375 5745
353712.28125 5745
177829.515625 5745
154558.734375 5745
107268.9296875 5745
179250.984375 5751
6007922.5 5751
721236.25 5751
448344.3125 5751
298427.25 5757
241361.421875 5757
3888833.5 5757
1960913 5757
801728 5757
368871.3125 5757
312169.09375 5763
283462.5 5763
202405.859375 5763
151912.09375 5763
76895.953125 5763
155884.96875 5769
4404861 5769
252085.640625 5769
133656.09375 5769
75437.0625 5769
146485.140625 5775
498248.21875 5775
222672.171875 5775
605168.9375 5775
65572.6328125 5775
178314.78125 5781
1701349.875 5781
152770.09375 5781
68305.3359375 5781
75235.5546875 5781
149079.453125 5787
1751556.5 5787
377938.96875 5787
138040.671875 5787
70928.7890625 5787
78859.5859375 5793
696260.25 5793
308523.5625 5793
240385.921875 5793
133411.28125 5799
69916.9765625 5799
195149.921875 5799
182963.65625 5799
61731.81640625 5799
172036.765625 5799
79533.9375 5805
423204.4375 5805
75998.8046875 5805
73406.703125 5811
71357.8046875 5811
490171.96875 5811
786206.4375 5811
117034.3046875 5811
134202.0625 5817
273682.03125 5811
180803.828125 5817
193254.65625 5817
182116.65625 5817
14764293 5817
948986.875 5817
611488.25 5823
487763.125 5823
2787712.5 5823
1659128.5 5823
2366864.25 5823
252958.6875 5829
248224 5829
229339.171875 5829
215441.78125 5835
210244.90625 5835
197921.21875 5835
165556.71875 5835
161527.859375 5835
92545.75 5835
216550.921875 5841
177031.78125 5841
702539.9375 5841
209312.359375 5841
56603.29296875 5841
150475.65625 5841
150731.46875 5847
1046783.6875 5847
328604 5847
258950.3125 5853
68111.09375 5847
184636.34375 5853
7355918.5 5853
641862.25 5853
491769.625 5853
390707.03125 5853
230078.71875 5859
1110322.125 5859
689266.0625 5859
216256.140625 5859
258606.390625 5859
206799.671875 5865
271581.59375 5865
193369.203125 5865
515830.0625 5871
64159.34765625 5865
202486.71875 5871
865268.8125 5871
325819.28125 5871
61994.39453125 5871
192129.8125 5871
226447.703125 5877
2133094.75 5877
726211.6875 5877
577778.5 5877
345934.0625 5877
305963.8125 5883
9644324 5883
3806742.75 5883
847596.75 5883
329705.03125 5883
248228.234375 5889
1320482.25 5889
707929.4375 5889
155530.015625 5889
305846.84375 5889
1468522.25 5895
539883.5625 5895
483292.96875 5895
203282.0625 5895
105057.328125 5895
270898.09375 5901
1331592 5901
670023 5901
717537.4375 5901
609477.375 5901
357619.03125 5907
1115690.125 5907
1113458.25 5907
693229.25 5907
259799.703125 5907
615707.1875 5913
5749123.5 5913
2709879 5913
528179.875 5913
572526.4375 5913
581174.25 5919
5732417.5 5919
5062712.5 5919
474599.625 5919
167336.03125 5919
378729.21875 5925
1771066.625 5925
728432.0625 5925
191914.453125 5925
197199.328125 5925
401094.625 5931
1377266.625 5931
392865.09375 5931
195862.421875 5931
182593.671875 5931
491746.40625 5937
1652556.375 5937
992655.4375 5937
174108.359375 5937
232582.078125 5937
593182.25 5943
32722296 5943
3512576.5 5943
578294 5943
345831.34375 5943
767349.3125 5949
3002318.5 5949
2340716 5949
849720.9375 5949
744717.25 5949
548408.25 5955
3404793.5 5955
1207803.75 5955
941826.5 5955
822420.1875 5955
464136.65625 5961
876155.1875 5961
673846.9375 5961
384730.15625 5961
254182.4375 5961
513086.5625 5967
2274153 5967
1934141.375 5967
843141.8125 5967
445451.1875 5967
579162 5973
34745892 5973
732722.75 5973
425048.25 5973
287809.65625 5973
557540.75 5979
1532362.5 5979
740920 5979
429504.53125 5979
472091.03125 5979
657126.3125 5985
4472249 5985
2447739.5 5985
3413586.75 5985
2415603.25 5985
1728794 5991
4274584.5 5991
1089966.625 5991
875009.625 5991
662462.375 5991
623314.0625 5997
3673516.25 5997
9890228 5997
340801 5997
1764778.375 5997
668082.5 6003
17011298 6003
872003.625 6003
559645.875 6003
305050.34375 6003
688148.9375 6009
23142472 6009
3807736.25 6009
340096.6875 6009
507572.34375 6009
620873.1875 6015
6441578 6015
1495182.125 6015
582240.75 6015
346456.5625 6015
618321.9375 6021
2900778.25 6021
2832024.5 6021
3551696.25 6021
2635419.5 6021
1633321.5 6027
40375892 6027
9706904 6027
2938625.75 6027
867150.4375 6027
1303557 6033
8438421 6033
3554929.25 6033
858003.6875 6033
729116.125 6033
874097.0625 6039
5158483 6039
1483625.625 6039
1388737.125 6039
384801.34375 6039
926494.875 6045
4791662 6045
2050679.5 6045
801179.75 6045
754230.0625 6045
615012.875 6051
2882405.25 6051
497631.65625 6051
408937.125 6051
465814.46875 6051
469060.3125 6057
2340457.75 6057
1562691 6057
1356422.5 6057
800587.1875 6057
557755.5625 6063
21942188 6063
5661208 6063
3585803.75 6063
2993346.75 6063
836563.875 6069
36067068 6069
7573893 6069
3925223.5 6069
3942302.25 6069
1290403.125 6075
33502066 6075
1567495 6075
930884 6075
995823.8125 6075
1157760.375 6081
4005966 6081
1128079.125 6081
2700160.75 6081
979230.5625 6081
740303.8125 6087
3966220.75 6087
2183117.5 6087
575237.875 6087
1120813.375 6087
656105 6093
5955004 6093
2488163.25 6093
521211.03125 6093
129437.921875 6093
785202.875 6099
12654484 6099
6635835.5 6099
1961590.125 6099
557260.875 6099
711817.375 6105
43131420 6105
16582233 6105
1301707.125 6105
711774.6875 6105
1076599.5 6111
5406703 6111
4694482.5 6111
986825.6875 6111
461904.0625 6111
3380891.75 6117
3906473 6117
2363804.5 6117
593782.4375 6117
521322.59375 6117
427489.03125 6123
580957.75 6123
542577.5625 6123
1400446.5 6123
372765.40625 6123
420129.9375 6129
14455553 6129
1460903.125 6129
807641.625 6129
293750.875 6129
457458.875 6135
16596715 6135
15387770 6135
457131.5 6135
252352.265625 6135
392736.59375 6141
5052050 6141
4143677.75 6141
1813107.25 6141
243792.125 6141
910203.125 6147
3037569 6147
2625272.25 6147
2536640.25 6147
424343.59375 6147
570575.5 6153
2165357.5 6153
768411.625 6153
279417.5 6153
424940.6875 6153
664060.5 6159
487167.4375 6159
481765.875 6159
371408.3125 6159
534111.5625 6159
575495.8125 6165
1041687.6875 6165
495743.84375 6165
388408.21875 6165
188371.65625 6165
362794.3125 6171
33410984 6171
1056207.5 6171
795122.125 6171
536511.625 6171
370919.125 6177
10050792 6177
2561731 6177
1090702.25 6177
1008329.5625 6177
567248.625 6183
2135034 6183
458323.5 6183
113279.6328125 6183
398140.53125 6183
349626.15625 6189
613001.6875 6189
569516.3125 6189
337787.5 6189
439514.25 6189
325933.3125 6195
1714754.875 6195
965814.5 6195
933560.5625 6195
249726.75 6195
284537.1875 6201
11133652 6201
683412.5 6201
398951.3125 6201
415798.53125 6201
353961.34375 6207
6735362.5 6207
513398.78125 6207
370428.375 6207
307658.90625 6207
256009.75 6213
2491811.5 6213
1418837 6213
1248850.875 6213
1160864 6213
231842.140625 6219
657766.0625 6219
399968.0625 6219
153575.34375 6219
82293.015625 6219
288225.96875 6225
1572625.375 6225
1261818.875 6225
718411.375 6225
596367.1875 6225
264909.90625 6231
960681.6875 6231
152419.765625 6231
101739.0234375 6231
68336.6015625 6231
262794.75 6237
4754165 6237
282303.03125 6237
248621.515625 6237
60641.3125 6237
241444.65625 6243
12464269 6243
2299373 6243
345890.65625 6243
210455.1875 6249
199791.453125 6249
4897707 6249
1304360.75 6249
107992.078125 6249
57781.65625 6249
125327.4609375 6255
5080623.5 6255
2230424 6255
1067930.25 6255
350813.78125 6255
270016.375 6261
2547632.5 6261
960982 6261
580611.625 6261
506726.46875 6261
104925.953125 6267
3418572.75 6267
459325.6875 6267
167520.265625 6267
185018.71875 6267
229420.109375 6273
7270448 6273
2638157.5 6273
416489.3125 6279
207498.703125 6273
93949.2578125 6279
8785725 6279
1552009.125 6279
355384.875 6279
171935.625 6285
971100.4375 6285
2316411.5 6285
642129 6285
507550.34375 6285
81697.171875 6285
337636.25 6291
874741.625 6291
327756.46875 6291
811365.3125 6291
246146.453125 6291
296209.78125 6297
1067482.125 6297
423882 6297
278675.59375 6297
363409.875 6297
322634.4375 6303
2676419.75 6303
1619941.375 6303
497247.5 6303
204177.65625 6303
281914.84375 6309
8303637.5 6309
210743.90625 6309
151819.59375 6309
71779.09375 6309
194436.21875 6315
1593086.375 6315
872585.875 6315
718044.4375 6315
347267.625 6315
202800.84375 6321
502690.75 6321
411282.90625 6321
183346.5625 6321
255401.34375 6321
278166.4375 6327
717069.5 6327
638422.9375 6327
74650.9453125 6327
188267.59375 6327
165979.46875 6333
1425186.125 6333
408527.78125 6333
3939966.25 6333
153472.6875 6333
181403.1875 6339
6561491.5 6339
1168437.75 6339
83388.75 6339
189659.359375 6345
182045.03125 6345
181748.515625 6345
1011228.375 6345
77235.1640625 6345
152796.125 6345
129303.0859375 6351
1230940.625 6351
3259787.5 6351
679674.6875 6351
593605.625 6351
360144.96875 6357
1070562.875 6357
416519.1875 6357
351708.09375 6357
326518.0625 6357
116433.640625 6363
1046369.1875 6363
665349.375 6363
563770.3125 6363
111634.3359375 6363
247146.96875 6369
8619316 6369
7423085.5 6369
587464.5625 6369
181733.5625 6369
254404.15625 6375
208841.984375 6375
187746.9375 6375
286451.6875 6375
103933.1640625 6375
188808.921875 6381
2775358.25 6381
2303210 6381
1249811.375 6381
956901.9375 6381
414495.25 6387
1000003.3125 6387
540445.25 6387
337436.8125 6387
487554.5625 6387
225788.203125 6393
1276546.375 6393
1490053 6393
586455.875 6393
352437.625 6393
322659.21875 6399
9649740 6399
8250235 6399
772102.5625 6399
301301.9375 6399
242722.53125 6405
374238.90625 6405
322045.0625 6405
98756.96875 6405
231678.828125 6405
148731.203125 6411
5389793 6411
3691481.5 6411
374936.875 6411
406784.90625 6411
262109.015625 6417
1781882.125 6417
1704807.75 6417
771804 6417
386158.375 6417
304834.25 6423
681138.875 6423
469237.21875 6423
288712.46875 6423
82042.6640625 6423
167594 6429
8988958 6429
1293649.375 6429
482146 6429
314654.375 6429
290021.125 6435
327214.375 6435
255629.8125 6435
396095.09375 6441
155171.625 6435
221887.015625 6441
12761225 6441
2802005 6441
941178.4375 6441
262418.875 6441
252394.625 6447
1540191.875 6447
1098041.125 6447
226016.078125 6447
211538.78125 6447
227996.546875 6453
188851.640625 6453
130269.6328125 6453
117450.515625 6453
114190.0546875 6453
229863.546875 6459
10329486 6459
210953.046875 6459
232039.125 6465
153494.015625 6465
108514.21875 6465
1572932.875 6465
384497.25 6465
238123.828125 6465
104662.734375 6465
119069.1953125 6471
9271674 6471
479383.6875 6471
264161.59375 6477
198638.75 6477
76296.3046875 6477
1885837.25 6477
293020.5 6477
75605.5859375 6477
185469.765625 6477
116596.2578125 6483
560047.1875 6483
469648.71875 6483
245608.296875 6483
77117.921875 6483
84049.3203125 6489
90795.1640625 6489
81837.34375 6489
100849.53125 6495
74063.2734375 6495
69357.796875 6495
1166909.125 6495
99781.3671875 6495
94233.4375 6501
61782.453125 6495
58949.2734375 6501
4556449.5 6501
1089916.875 6501
82701.1796875 6507
66053.6171875 6507
52348.6484375 6507
1982796 6507
185661.296875 6507
304193.125 6513
92151.4140625 6513
398348.875 6513
67178.8828125 6513
76691.7734375 6518
73289.6640625 6518
89006.015625 6518
53345.96875 6518
67708.359375 6523
1338624.875 6518
515132.15625 6523
107779.75 6527
88661.3125 6527
61407.94921875 6527
644571.8125 6527
90834.5859375 6533
62892.22265625 6533
61324.50390625 6533
40854.0546875 6533
1423244.25 6533
441082.4375 6533
141524.75 6539
77142.8828125 6539
75277.796875 6539
355436.40625 6539
245806.09375 6539
237321.21875 6539
71345.8984375 6545
1202338.75 6545
91301.4296875 6545
62207.4765625 6550
68876.515625 6551
296985.3125 6550
576930.5 6550
171240.328125 6550
77544.984375 6556
73903.2265625 6556
60418.9765625 6556
289922.0625 6556
237570.28125 6556
83825.1171875 6562
76552.484375 6562
788604.875 6562
577380.6875 6562
66491.96875 6568
62586.99609375 6568
114667.4765625 6568
273217.71875 6568
200718.296875 6573
108239.703125 6568
82938.7109375 6573
308062.84375 6573
111918.40625 6573
110775.40625 6579
87332.6484375 6573
88423.4453125 6579
219122.09375 6579
191967.75 6579
66176.3203125 6579
82091.1171875 6579
330771.8125 6585
300506.59375 6585
293426.25 6585
154063.828125 6585
86762.359375 6585
186506.359375 6591
459754.0625 6591
178868.578125 6591
5695841.5 6591
105690.921875 6591
112446.8671875 6597
385136.9375 6597
1144234.5 6597
460626.15625 6597
406262.28125 6597
387306.6875 6603
516976.3125 6603
59283592 6603
7464042 6603
1574917.375 6603
928817.25 6609
691868.3125 6609
4388654.5 6609
1504006.875 6609
734180.0625 6609
504302.65625 6615
1124081.25 6615
877635 6615
370412.8125 6615
351102.78125 6615
441297.78125 6621
571958.875 6621
439548.625 6621
361529.09375 6621
332410.78125 6621
564573.3125 6627
2786797.75 6627
688743.4375 6627
328857.46875 6627
332483.09375 6627
204414.515625 6633
37366188 6633
372737.59375 6633
262548.75 6633
87024.7109375 6633
344911.125 6639
6099440.5 6639
1382542.375 6639
193725.484375 6639
605757.6875 6639
114130.7421875 6645
1655848.5 6645
611012.375 6645
274658.5 6651
228977.375 6651
201431.6875 6651
449264.9375 6651
390442.28125 6651
337533.4375 6651
76239.9296875 6651
203456.484375 6657
1788484.125 6657
1141675.5 6657
909491.375 6657
448868.375 6657
311890.28125 6663
40509408 6663
408587.09375 6663
180630.328125 6663
473260.71875 6663
318274.59375 6669
1661895.875 6669
321642.90625 6669
171240.90625 6669
169168.75 6669
198992.640625 6675
1813013.625 6675
25682694 6675
4079393.5 6675
484607.96875 6675
296473.90625 6681
558209.6875 6681
424079.75 6681
220995.96875 6681
176587.359375 6681
164662.859375 6687
1651292.25 6687
954583.75 6687
399141.1875 6687
133462.859375 6687
302228.0625 6693
51387020 6693
468101.46875 6693
419328.5 6693
152989.125 6693
246747.765625 6699
1427071.125 6699
1278099.5 6699
284383.46875 6699
322474.78125 6699
348916.03125 6705
21039908 6705
279162.15625 6705
233869.875 6705
1957583.375 6705
296244.75 6711
2809958.5 6711
736487.25 6711
521083.625 6711
190023.734375 6711
174805.578125 6717
1351118.375 6717
1120996.875 6717
364508.15625 6717
97277.8359375 6717
194710.453125 6723
33980744 6723
395990.03125 6723
365614.3125 6723
219319.40625 6723
192856.65625 6729
1755407 6729
831009.625 6729
224243.03125 6729
163337.5 6729
183148.390625 6735
361018.15625 6735
165621.6875 6735
126910.421875 6735
60162.3828125 6735
86018.1015625 6741
2081708.875 6741
1172635.625 6741
660592.25 6741
322456.28125 6741
916264.9375 6747
1065921 6747
904795.5625 6747
401348.03125 6747
250078.4375 6747
152166.4375 6753
26468582 6753
378539.8125 6753
1843745 6753
223660.5 6753
141319.65625 6759
1125598.375 6759
599790.625 6759
485907.25 6759
216727.640625 6759
247216.3125 6765
230416.765625 6765
351807 6765
173260.328125 6765
117647.3046875 6765
142367.34375 6771
2154527.5 6771
1004343.8125 6771
842868.3125 6771
672805.3125 6771
118348.2265625 6777
474082.5625 6777
397231.90625 6777
234106.578125 6777
107214.59375 6777
490533.625 6783
247727.46875 6783
129440.359375 6783
158423.546875 6789
128947.53125 6783
63168.98828125 6789
632949.5625 6789
307177.34375 6789
117591.5625 6789
105275.7578125 6789
67126.9609375 6795
188641.65625 6795
104183.578125 6795
52512.63671875 6795
41163.203125 6795
55469.1953125 6801
1071093.875 6801
138871.21875 6801
44056.1640625 6801
40033.96484375 6801
38251.1171875 6807
255863.3125 6807
183233.703125 6807
104097.1484375 6807
14026.6083984375 6807
159612.09375 6813
101077.625 6813
14250.3671875 6813
125073.9921875 6813
86851.90625 6818
56383.2890625 6818
54600.45703125 6818
64575.796875 6818
47682.67578125 6822
46004.72265625 6822
37486.19921875 6822
45278.90625 6827
36036.6640625 6827
61473.41796875 6827
48160.29296875 6827
40247.71484375 6832
41124.29296875 6832
94194.8984375 6832
35069.9765625 6835
93111.2890625 6835
56528.5078125 6838
38448.5078125 6844
24695.615234375 6844
87492.1015625 6850
86793.28125 6863
50508.1953125 6876
337561.90625 6891
