598323.125 7
577678 7
592342.5 7
497990.5625 13
375520.84375 13
375297.96875 13
329644.9375 13
331081.0625 13
330018.59375 19
296213.5625 19
294384.40625 19
288453.46875 19
249460.421875 19
276347.03125 25
256316.3125 25
213685.5625 25
194352.890625 25
180221.46875 25
166446.03125 31
78942.390625 31
64314.4140625 42
58019.6015625 55
76190.5625 68
6242.22900390625 79
131374.734375 79
18399.734375 80
80103.0625 82
20297.74609375 93
157822.8125 94
113520.640625 95
3476.06982421875 98
21117.634765625 99
118120.546875 107
15860.24609375 103
21285.884765625 107
17162.826171875 107
8014.22802734375 107
7209.47314453125 107
19369.384765625 108
17598.689453125 108
40306.21484375 114
33283.26953125 114
29590.517578125 114
50166.515625 120
26237.34765625 114
47464.3515625 120
42513.23046875 120
36909.59765625 120
22838.19140625 120
24275.740234375 120
40956.8359375 126
353296.65625 126
139436.90625 126
36346.32421875 126
15388.0009765625 126
137684.546875 132
128131.140625 132
111315.921875 132
109056.3828125 132
94952.7421875 132
629587.5 138
676936.3125 138
618375.625 138
96130.2578125 138
1541290 144
1284581.25 144
1281741.75 144
1264882 144
759246.25 144
1164973 144
1084798.625 150
1048181.0625 150
896650.5625 150
445847.375 150
668756.9375 150
902632.1875 156
896786.125 156
867833.0625 156
838735.1875 156
505178.84375 156
675766.125 162
650900 162
630239.875 162
602544.9375 162
413658.90625 162
725458.625 168
853822.0625 168
721489.8125 168
648350.5625 168
533723.75 168
769045.25 174
1108314.25 174
891487.375 174
582869.6875 174
624645.6875 174
593845.4375 180
1052368.875 180
574193.6875 180
541715.0625 180
450921.21875 180
690540.3125 186
1658657.25 186
650627.6875 186
1522103.875 192
484076.9375 186
738774.3125 192
718537.5 192
692981.6875 192
468292.90625 192
319826.09375 192
417949.03125 198
408402.28125 198
402482.1875 198
363272.6875 198
145692.125 198
388169.75 204
377012.3125 204
358490.84375 204
222054.375 204
183025.515625 204
407303.0625 210
364632.21875 210
362899.9375 210
156979.59375 210
176871.421875 210
377173.1875 216
348768.3125 216
343608 216
128756.90625 216
81851.3203125 216
375964.46875 222
2897151 222
365637.15625 222
365418.59375 222
319612.375 222
568372.375 228
746360.625 228
473001.5625 228
632913.6875 234
122224.65625 228
524917.375 234
678678 234
492857.75 234
446433.53125 234
577298.6875 240
538361.6875 240
482759 240
452474.59375 240
164862.15625 240
379500.78125 240
385256.0625 246
360964.875 246
356074.71875 246
8224999 246
352313.25 246
437657.375 252
574285.625 252
506821.34375 252
367463.9375 252
286868.5 252
386950.75 258
456358.1875 258
376687.78125 258
323650.0625 258
326538.5 258
347546.65625 264
884710 264
576797.8125 264
532177.25 270
507921.6875 264
498771.71875 270
446818.0625 270
410727.25 270
210715.28125 270
209277.625 270
290952.28125 276
394159.09375 276
374179.75 276
293408.625 282
155000.21875 276
256242.609375 282
761601.25 282
501223.875 282
219402.53125 282
142451.9375 282
226259.109375 288
526394.8125 288
451833.46875 288
2596442.5 288
561368.6875 288
347036.90625 294
1218735.375 294
735428.3125 294
447872.8125 294
371417.9375 294
312946.59375 300
412646.125 300
352645.8125 300
347533.9375 300
210868.1875 300
281498.09375 306
669324.875 306
8831596 306
369736.65625 306
176816.609375 306
297918.09375 312
615228.375 312
297065.6875 312
260044.8125 312
137114.828125 312
239217.46875 318
572501.6875 318
300570.34375 318
138873.109375 318
211805.96875 318
281095.8125 324
707726.875 324
684277.25 324
141259.265625 324
146459.890625 324
211391 330
329901.15625 330
182227.859375 330
112250.0390625 330
41019444 330
1545748.5 336
535082.5625 336
305038.0625 336
1220520.375 336
267646.125 336
211971.59375 342
2268577.5 342
419461.46875 342
270817.96875 342
185075.21875 342
273030.9375 348
793972.1875 348
544924.1875 348
235433.078125 348
184561.875 348
265348.71875 354
1362151.5 354
685556.5 354
180232.375 354
352714.625 354
262734.34375 360
1109151.625 360
1038459.875 360
1019394.1875 360
222679.53125 360
474103.25 366
2207352 366
964435.375 366
513819.40625 366
423335.71875 366
418909.96875 372
2156558.5 372
915812.8125 372
204597.734375 372
269803.375 372
610875.875 378
506384.78125 378
450166.375 378
262250.6875 378
373440.21875 378
311147.21875 384
4405825 384
2823273.75 384
739557.875 384
318901.53125 384
320351.65625 390
1733466.625 390
1181497.625 390
1096014.625 390
228778.578125 390
349166.375 396
1018666.75 396
982308.5625 396
695485.9375 396
554988.8125 396
424900.78125 402
882587.4375 402
481383.125 402
195664.234375 402
285216.25 402
292175.1875 408
7322934 408
5481779.5 408
478052.96875 408
280789.9375 408
265686.03125 414
50678712 414
271844.25 414
219167.921875 414
126407.2578125 414
306356.34375 420
1105829.375 420
778018.5 420
621754.0625 420
394479.40625 420
312970.34375 426
836679.875 426
514854.65625 426
478008.34375 426
365051.125 426
437858.15625 432
874065.8125 432
751393.3125 432
636878.5625 432
219887.109375 432
185091.609375 438
5879618 438
371839.3125 438
280554.5625 438
174946.15625 438
171712.453125 444
36340972 444
2594126.75 444
278014.3125 444
117603.96875 444
129382.96875 450
1506695.375 450
872316.3125 450
324994.96875 450
486475.71875 450
175487.328125 456
580796.5625 456
313142.75 456
257858.53125 456
101520.5 456
204904.203125 462
734662.25 462
303715.03125 462
241467.4375 462
170762.9375 462
167442.875 468
3266967.25 468
622700.5 468
467930.53125 468
151856.609375 468
152737.03125 474
18663954 474
135188.90625 474
101549.28125 474
126316.3125 474
110078.1484375 480
1234845.625 480
611466.8125 480
105200.5859375 480
95450.515625 480
114438.4375 486
658412.0625 486
558808.3125 486
338196.65625 486
98493.7578125 486
124726.765625 492
1416362.875 492
340829.28125 492
160155.875 492
159059.125 492
136152.859375 498
2956147 498
426821.96875 498
189369.359375 498
124213.9296875 498
161241.984375 504
19556226 504
1221936.375 504
599963.3125 504
365728.71875 504
394384.75 510
742418.75 510
134536.921875 510
110888.59375 510
85389.9453125 510
146639.1875 516
1734880.5 516
243941.90625 516
201992.46875 516
170164.5625 516
200181.28125 522
600574.9375 522
550607.125 522
527797 522
483890.09375 522
315171.78125 528
2164015.5 528
236533.203125 528
209347.140625 528
149967.078125 528
334023.34375 534
11858150 534
5412601 534
2202105.5 534
692596.3125 534
290790.5 540
2246438.75 540
396077.21875 540
125892.5703125 540
142002.375 540
359460.40625 546
2857446.5 546
1251261.5 546
1020437.875 546
197099.90625 546
655031.3125 552
898870.0625 552
534656.6875 552
522660.53125 552
545633.8125 552
558347.5 558
945594.625 558
552275.1875 558
544184.5 558
353669.5 558
416072.3125 564
7864032.5 564
3501693.25 564
2966593.75 564
1744536.5 564
624793.5625 570
16263490 570
6588626.5 570
561140.5 570
419579.1875 570
597217.125 576
1161251.5 576
898854.875 576
393701.0625 576
882917.3125 576
451033.34375 582
950432.125 582
696724.25 582
390995.34375 582
380634.96875 582
382658.6875 588
1104062.875 588
1099501.5 588
336474.0625 588
285351.21875 588
423659.46875 594
19910358 594
8837228 594
554429.5 594
203824.953125 594
333801.875 600
7303315.5 600
1022454.0625 600
896110.6875 600
527549.5625 600
326449.09375 606
7277295 606
2606771.25 606
2095085.25 606
541015.25 606
427251.53125 612
582787 612
429075.9375 612
224664.15625 612
170751.6875 612
231679.109375 618
2227223.25 618
1182606.125 618
291851.34375 618
253255.015625 618
169990.625 624
8242184.5 624
1195353.375 624
600133.5 624
446519.3125 624
447520.4375 630
7291444 630
3261178 630
717888.4375 630
221672.234375 630
441818.46875 636
1761670.75 636
637205.875 636
606979 636
304113.09375 636
324301.34375 642
1687378.25 642
1498940 642
549205.5 642
668462.6875 642
486501.65625 648
1607569.375 648
387281.53125 648
268927.78125 648
209481.640625 648
270145.625 654
8569227 654
2388207.75 654
195982.390625 654
199630.703125 654
179808.09375 660
5520399.5 660
2292835.5 660
957179.125 660
274321.84375 660
286330.71875 666
1184609.5 666
677621.625 666
148234.6875 666
199223.359375 666
359861.84375 672
3049565.25 672
628377.125 672
209454.703125 672
129193.3046875 672
261189.015625 678
828906.75 678
738541.9375 678
671197.6875 678
414708.15625 678
243520.96875 684
6014378.5 684
234467.703125 684
179814.421875 684
132708.421875 684
2666973.25 690
1236061.125 690
1219353.25 690
8478173 690
308144.40625 690
423005.09375 696
14333624 696
9069342 696
772061.6875 696
248226.78125 696
568687.4375 702
1082387.625 702
546704 702
472256.21875 702
499746.875 702
578519.5 708
1549164 708
760850.1875 708
1161023.125 714
458544.25 708
403144.3125 714
2416170.75 714
351297.75 714
269815.0625 714
223265.3125 714
254304.640625 720
1813336.25 720
470488.71875 720
312296.28125 720
195313.296875 720
205634.078125 726
28065040 726
4167542.5 726
1066024.125 726
1025840.625 726
335128.4375 732
2791635 732
591580.375 732
227756.40625 732
164814.21875 732
336932.125 738
510230.5 738
278681.09375 738
177118.921875 738
164292.390625 738
239921.046875 744
24508596 744
459560.3125 744
336035.46875 744
130727.5234375 744
251739.171875 750
1829755.25 750
241752.359375 750
225370.0625 750
191663.8125 750
173767.65625 756
152626.203125 756
148203.375 756
138654.484375 756
125386.4375 756
112717.4375 762
1717399.375 762
238920.515625 762
103032.9609375 762
79602.9609375 762
91667.0390625 768
3470220.25 768
270286.03125 768
183951.96875 768
75888.65625 768
89187.3125 774
8466317 774
165909.796875 774
39186.7734375 774
141886.375 774
68161.9921875 780
2363004.5 780
452346.78125 780
438712.78125 780
122975.6328125 780
96336.7265625 786
296328 786
205691 786
1871295.125 786
143503.109375 786
87842.5234375 792
1773404.875 792
1723816.375 792
2813598.75 792
949237.1875 792
263776.90625 798
170495.3125 798
155670.9375 798
125435.8984375 798
105325.4765625 798
71953.5234375 804
5858866 804
5395087.5 804
635144.3125 804
119099.40625 804
110424.234375 810
1844136 810
110438.3359375 810
65088.578125 810
70959.25 810
66840.796875 816
514714.8125 816
508107.65625 816
411940.6875 816
110639.4296875 822
102037.1015625 822
1721887.5 822
1475248.625 822
154097.296875 822
46029.24609375 822
79805.359375 828
1663732.375 828
1491307.625 828
918788.1875 828
166197.421875 828
146943.359375 834
99517.1953125 834
93878.3828125 834
867973.9375 834
74408.890625 834
108132.4140625 840
5058847 840
758717.3125 840
728197.8125 840
576479 840
257022.328125 846
947986.875 846
414495.3125 846
225528.703125 846
60660.39453125 846
70864.96875 852
3844249.5 852
401113.625 852
272913.46875 852
61115.54296875 852
83468.796875 858
1400067.5 858
633803.4375 858
240052.078125 858
200612.890625 858
196666.65625 864
2403668.75 864
545790.4375 864
97616.09375 864
49047.68359375 864
85503.6328125 870
5226642 870
953030.6875 870
127525.9609375 870
106520.53125 870
85747.6796875 876
1054308.75 876
927654.6875 876
477366.46875 876
309343.09375 876
117941.7578125 882
5095151.5 882
481405.15625 882
224174.328125 882
138306.15625 882
129447.7265625 888
1562663.625 888
155823.109375 888
116027.34375 888
83763.578125 888
96776.0703125 894
3345547 894
461940.75 894
225372.734375 894
217169.09375 894
117178.4453125 900
6417747.5 900
692960.125 900
480681.84375 900
186988.4375 900
84625.0078125 906
981503.4375 906
721912.875 906
109085.125 906
99020.6484375 906
107075.3984375 912
9464720 912
1762776.375 912
535991.9375 912
343579.0625 912
214587.359375 918
1509620.75 918
503905.0625 918
186170.734375 918
89270.265625 918
107391.9765625 924
3127008.75 924
144772.015625 924
138706.1875 924
44780.33984375 924
138714.453125 930
5543996 930
657211.375 930
536967.625 930
184367.65625 930
139020.984375 936
600708.8125 936
3960471 936
549241.125 936
126660.2734375 936
101255.421875 942
10087140 942
447257.40625 942
199247.921875 942
127937.953125 942
79181.3203125 948
2013413.375 948
1673966.5 948
606432.375 948
280189.15625 948
229771.875 954
3442084.5 954
297979.6875 954
127715.5 954
191220.46875 954
349967.21875 960
3596238.5 960
373079.3125 960
206822.796875 960
257611.28125 960
160300.8125 966
1018553.5625 966
379478.09375 966
246036.21875 966
126115.21875 966
154910.359375 972
31412838 972
4703646.5 972
238291.15625 972
135705.828125 972
146565.296875 978
2705717.75 978
468560.4375 978
326222.15625 978
124884.59375 978
112467.890625 984
1912759.875 984
1469778.5 984
890610.375 984
516179.59375 984
166717.875 990
565681.4375 990
529199.3125 990
261803.515625 990
206482.96875 990
271490.375 996
687402.1875 996
506805.0625 996
190358.703125 996
180947.375 996
232090.34375 1002
33608732 1002
403682.375 1002
352642.4375 1002
637774.8125 1002
241411.203125 1008
3262789.25 1008
3098496.25 1008
408603.96875 1008
269125.40625 1008
225539.921875 1014
5399549 1014
414532.09375 1014
377620.65625 1014
155250.96875 1014
289077.625 1020
1547439.625 1020
450200.9375 1020
280150.4375 1020
246424.703125 1020
315517.8125 1026
457158.15625 1026
309090.21875 1026
209140.734375 1026
262692.28125 1026
257310.25 1032
16772228 1032
402963.625 1032
398042.9375 1032
313712.03125 1032
206998.578125 1038
3824560.75 1038
2316726.25 1038
283204.75 1038
158587.171875 1038
279597 1044
5244063 1044
2261842.25 1044
1455975.75 1044
663190.75 1044
325252.5625 1050
1094861.875 1050
448337.28125 1050
290601.65625 1050
245128.640625 1050
377387.90625 1056
2313134.25 1056
1345576.25 1056
709257.125 1056
442942.5625 1056
753690.25 1062
13771039 1062
1209638.625 1062
844900 1062
674207.0625 1062
502525.90625 1068
24860216 1068
298008 1068
255751.46875 1068
265566.53125 1068
262900.3125 1074
2673567.25 1074
1206299 1074
259591.765625 1074
194143.640625 1074
412327.90625 1080
14187322 1080
4919825.5 1080
1279943.625 1080
249112.34375 1080
390200.34375 1086
14134370 1086
7265830 1086
2025990.75 1086
1460035.125 1086
607100.1875 1092
5636750 1092
2789670.25 1092
2098669.25 1092
580448 1092
715095 1098
17753324 1098
675600.4375 1098
616091.875 1098
444174.34375 1098
409834.09375 1104
2588445 1104
2551267.5 1104
1619313.375 1104
1505536 1104
1107211.75 1110
10042454 1110
3701034.25 1110
3086529.25 1110
278465.71875 1110
428765.65625 1116
6001541.5 1116
5019632 1116
185925.875 1116
284404.53125 1116
331850.125 1122
2521889.5 1122
1077591.125 1122
885772.375 1122
379153.78125 1122
301915.8125 1128
7722437 1128
1777257 1128
1053623.125 1128
842522.0625 1128
270027.90625 1134
6268658 1134
817090.8125 1134
245181.484375 1134
146507.84375 1134
373670.28125 1140
10125171 1140
1410908.375 1140
660472.25 1140
630396.9375 1140
434634.59375 1146
2743787.75 1146
1369029 1146
1303277.5 1146
1078158.875 1146
519148.59375 1152
2040017.5 1152
1085453.125 1152
622176.5625 1152
427741.4375 1152
259823.3125 1158
5065497 1158
933492.4375 1158
240738.1875 1158
244562.484375 1158
278942.25 1164
4228210 1164
2200004.5 1164
712285.625 1164
194754.9375 1164
594024.25 1170
21904754 1170
9417502 1170
516210.15625 1170
346067.125 1170
576908.5 1176
1125669.625 1176
565659.4375 1176
514998.125 1176
372125.90625 1176
381826.8125 1182
1816972.75 1182
988272.875 1182
752722.0625 1182
595480.8125 1182
437144.25 1188
482953.96875 1188
342505.53125 1188
145731.4375 1188
223287.40625 1188
328894.46875 1194
1945569.875 1194
1268505.75 1194
882479.875 1194
149976.921875 1194
380849.53125 1200
26734014 1200
1310586.375 1200
780585.125 1200
380552.84375 1200
379705.65625 1206
13715233 1206
1029550.5 1206
410753.625 1206
364932.875 1206
337654.59375 1212
1957815.875 1212
728975.375 1212
198192.296875 1212
280000.25 1212
308836.625 1218
1145271.75 1218
892387.8125 1218
802598.375 1218
174675.109375 1218
378195 1224
3013180.75 1224
1533040.375 1224
610853.5625 1224
230737.46875 1224
308553.28125 1230
8172571.5 1230
3446005.5 1230
1102944.75 1230
644957.5625 1230
605597.4375 1236
8516709 1236
604955.0625 1236
458223.03125 1236
571981.9375 1236
412201.03125 1242
2106394.5 1242
1085740.625 1242
338886.5 1242
218589.296875 1242
547187.0625 1248
37225336 1248
1419446.125 1248
492014.71875 1248
384997.53125 1248
1011771.3125 1254
856635.5 1254
808538.5 1254
791623.875 1254
448298.15625 1254
1287184.5 1260
6337175 1260
1223495 1260
696212.5 1260
694995.4375 1260
748454.5625 1266
5767359.5 1266
3537104.25 1266
610124.875 1266
705532.9375 1266
646897 1272
3317750.5 1272
2255670 1272
364500.90625 1272
626663.5 1272
512013.21875 1278
40470168 1278
2125824.25 1278
308973.3125 1278
439141.375 1278
547268.6875 1284
3134931.75 1284
2538956.5 1284
965845.75 1284
538503.9375 1284
733251.9375 1290
16475436 1290
6002116 1290
3794905.75 1290
2166632.5 1290
1032165.75 1296
782512.125 1296
715643.25 1296
350298.71875 1296
691836.75 1296
451889.75 1302
3557056 1302
2173832.5 1302
446425.84375 1302
402637.03125 1302
433054.28125 1308
11164342 1308
419126.71875 1308
250520.78125 1308
155448.015625 1308
415652.46875 1314
838521.125 1314
753328.3125 1314
382349.6875 1314
341552.6875 1314
319399.09375 1320
10554355 1320
3432010 1320
630039.4375 1320
562824.25 1320
346000.21875 1326
948205.875 1326
782312.75 1326
342337.1875 1326
500934.9375 1326
302883.40625 1332
22542450 1332
2019748.375 1332
173555.296875 1332
282077.5 1332
290863.4375 1338
1275500.625 1338
591962.6875 1338
237487.1875 1338
190473.484375 1338
234895.90625 1344
2485511.75 1344
438563.96875 1344
215049.171875 1344
211960.234375 1344
318123.53125 1350
11689809 1350
2289749.75 1350
303030.78125 1350
234214.703125 1350
264438.65625 1356
1826658.25 1356
336158.1875 1356
164677.34375 1356
210861.9375 1356
236077.109375 1362
30301636 1362
827401.1875 1362
126682.7890625 1362
379261.71875 1362
295098.59375 1368
1773369.375 1368
234410.8125 1368
222834.21875 1368
155587.078125 1368
208951.171875 1374
1409922.25 1374
266477.375 1374
87208.828125 1374
113748.515625 1374
228836.328125 1380
701617.6875 1380
579898.9375 1380
436701.75 1380
228066.328125 1380
344097.03125 1386
741871.4375 1386
198975.6875 1386
188281.671875 1386
139972.90625 1386
178816.328125 1392
9412747 1392
206366.875 1392
166764.296875 1392
151300.78125 1392
240424.078125 1398
375465.125 1398
201504.890625 1398
152253.328125 1398
147773.53125 1398
230756.1875 1404
210374.296875 1404
203103.859375 1404
200487.203125 1404
191610.3125 1404
236901 1410
343059.46875 1410
190873.640625 1410
100083.34375 1410
181397.671875 1410
217975.75 1416
203369.421875 1416
202637.984375 1416
103481.3828125 1416
84629.8359375 1416
199332.046875 1422
197937.5625 1422
173651.5625 1422
121683.171875 1422
91747.75 1422
251169.53125 1428
391681 1428
185279.796875 1428
113985.4453125 1428
83998.09375 1428
165909.71875 1434
368248.9375 1434
248006.96875 1434
138844.71875 1434
79333.2109375 1434
235610.921875 1440
421942.1875 1440
222323.03125 1440
139021.421875 1440
203577.109375 1440
181742.171875 1446
382475.53125 1446
181021.1875 1446
138521.71875 1446
155614.40625 1446
148243.828125 1452
569240.6875 1452
370488.5625 1452
59219.80859375 1452
17421.724609375 1452
147702.78125 1458
262106.03125 1458
234787.921875 1458
105869.5859375 1458
144028.390625 1458
185014.203125 1464
182632 1464
162766.828125 1464
114693.953125 1464
113966.671875 1464
254227.421875 1470
437644.25 1470
220871.6875 1470
146302.359375 1470
163463.546875 1470
183864.078125 1476
303594.0625 1476
211961.921875 1476
136399.578125 1476
92918.4375 1476
210816.9375 1482
274663.28125 1482
221314.609375 1482
157393.75 1482
73203.078125 1482
257200.5625 1488
261334.921875 1488
255349.328125 1488
255144.328125 1488
115581.296875 1488
215309.796875 1494
279340.78125 1494
209246.21875 1494
173172.109375 1494
52348.4609375 1494
191445.3125 1500
308609.96875 1500
244915.09375 1500
187987.125 1500
176712.40625 1500
207219.625 1506
196753.859375 1506
162478.59375 1506
161576.28125 1506
110224.296875 1506
210150.84375 1512
320874.09375 1512
203475.984375 1512
141382.21875 1512
108026.921875 1512
242299.78125 1518
281449.34375 1518
210488.375 1518
68924.0625 1518
51259.58984375 1518
199413.5 1524
191492.296875 1524
173848.4375 1524
88873.375 1524
169820.59375 1524
163349 1530
246227.3125 1530
238478.859375 1530
144061.53125 1530
113633.796875 1530
158869.859375 1536
428237.4375 1536
256810.96875 1536
135358.578125 1536
110830.609375 1536
133144.859375 1542
130468.5546875 1542
123966.1328125 1542
111145.484375 1542
117866.1953125 1542
176060.125 1548
240187.609375 1548
163799.546875 1548
114693.2109375 1548
32087.123046875 1548
180929.203125 1554
280453.875 1554
159621.1875 1554
76124.140625 1554
88420.734375 1554
166626.265625 1560
312968.78125 1560
163410.171875 1560
98284.28125 1560
162669.171875 1560
208874.234375 1566
724324.0625 1566
203228.25 1566
163025.3125 1566
109255.328125 1566
231122.015625 1572
229258.359375 1572
227364.84375 1572
191106.34375 1572
137599.78125 1572
156226.796875 1578
294761.4375 1578
362725.03125 1578
118851.1171875 1578
133527.3125 1578
202092.71875 1584
296410.6875 1584
242947.875 1584
109543.5703125 1584
179080.21875 1584
174354.15625 1590
149944.625 1590
143149.96875 1590
104515.9609375 1590
107908.546875 1590
171726.390625 1596
413401.21875 1596
223752.6875 1596
161014.828125 1596
154131.78125 1596
247716.671875 1602
400251.8125 1602
265243.84375 1602
157572.328125 1602
179450 1602
243595.5625 1608
225224.71875 1608
216200.015625 1608
192504.4375 1608
157724.40625 1608
251006.125 1614
1212226.25 1614
303490.03125 1614
241730.3125 1614
117785.046875 1614
237082.453125 1620
518132.4375 1620
202676.578125 1620
15898.09375 1620
68552.1484375 1620
143619.203125 1626
716158.8125 1626
143342.171875 1626
116833.7265625 1626
105533.4140625 1626
142973.296875 1632
271398.40625 1632
217303.375 1632
138145.609375 1632
72942.4609375 1632
180220.53125 1638
248273.703125 1638
167858.640625 1638
160536.25 1638
72489.7421875 1638
164757.25 1644
390697.75 1644
280681.6875 1644
271032.96875 1644
153365.84375 1644
263738.03125 1650
192251.09375 1650
180828.0625 1650
158059.328125 1650
62182.58203125 1650
163683.90625 1656
331357.53125 1656
163673.296875 1656
142129.65625 1656
19448.63671875 1656
125077.5234375 1662
205219.625 1662
168728.46875 1662
117903.8125 1662
159960.328125 1662
131468.4375 1668
300014.21875 1668
241428.296875 1668
217832.28125 1668
124564.125 1668
137446.671875 1674
468597.3125 1674
300284.125 1674
136187.15625 1674
104994.5234375 1674
157375.484375 1680
287573 1680
177242.25 1680
82969.3671875 1680
118588.859375 1680
193825.34375 1686
380729.625 1686
190065.265625 1686
100093.390625 1686
147400.65625 1686
151543.28125 1692
150784.625 1692
142979.875 1692
93349.09375 1692
68618.7578125 1692
196018.03125 1698
194359.71875 1698
171653.53125 1698
277230.28125 1698
264377.0625 1698
313561.96875 1704
506654 1704
328059 1704
269482.84375 1704
246461.671875 1704
296502.3125 1710
273622.6875 1710
268475.6875 1710
182311.40625 1710
168953.984375 1710
251841.140625 1716
276338.46875 1716
243758.421875 1716
177627.9375 1716
94907.7109375 1716
217812.84375 1722
206259.4375 1722
204195.84375 1722
77822.265625 1722
132286.46875 1722
194826.53125 1728
241582.984375 1728
176488.15625 1728
461939.125 1728
115907.6171875 1728
202838.609375 1734
296049.03125 1734
219584.71875 1734
184990.21875 1734
185444.90625 1734
203443.890625 1740
371814.03125 1740
202980.84375 1740
160769.421875 1740
185898.578125 1740
241985.234375 1746
237641.96875 1746
189594.328125 1746
132505.3125 1746
170589.96875 1746
182386.484375 1752
176199.71875 1752
158695.40625 1752
84443.375 1752
120030.78125 1752
198971.984375 1758
177015.484375 1758
154431.40625 1758
91621.625 1758
141625.65625 1758
238181.640625 1764
507579.59375 1764
297222.125 1764
125699.6328125 1764
180682.15625 1764
136254.046875 1770
302539.875 1770
232999.203125 1770
95758.921875 1770
133912.78125 1770
185114.53125 1776
330728.6875 1776
168696.34375 1776
164134.625 1776
137450.734375 1776
338735.4375 1782
229490.828125 1782
191402.203125 1782
183325.484375 1782
140657.828125 1782
314849.53125 1788
455468.28125 1788
312493.78125 1788
308881.96875 1788
124107.8046875 1788
271950.65625 1794
342565.0625 1794
245325.125 1794
177060.421875 1794
215409.921875 1794
216576.078125 1800
191308.171875 1800
444268.65625 1800
352281.25 1800
72100.484375 1800
235524.046875 1806
516942.6875 1806
228451.953125 1806
227525.546875 1806
227261.46875 1806
227029.578125 1812
381312.84375 1812
250216.34375 1812
123698.21875 1812
173476.15625 1812
539925.875 1818
180685.078125 1818
168960.421875 1818
126615.3359375 1818
227648.171875 1818
207355.46875 1824
176857.28125 1824
175634.734375 1824
110059.640625 1824
82463.9296875 1824
176795.546875 1830
176139.421875 1830
156003.5625 1830
66324.7421875 1830
52628.75 1830
168509.53125 1836
283322 1836
218476.765625 1836
157028 1836
106614.3671875 1836
167061.671875 1842
159640.953125 1842
151911.09375 1842
134172.6875 1842
93464.6796875 1842
186770.671875 1848
196734.78125 1848
183122.671875 1848
170625.921875 1848
119858.1875 1848
190015.640625 1854
245530.046875 1854
180492.6875 1854
141300.171875 1854
166783.484375 1854
185894.59375 1860
166255.765625 1860
164807.25 1860
150545.125 1860
114980.8125 1860
172684.5 1866
447260.1875 1866
300734.125 1866
134894.125 1866
138749.515625 1866
292120.78125 1872
427940.6875 1872
289273 1872
265187.25 1872
134759.34375 1872
262958.375 1878
415580.34375 1878
395384.8125 1878
205837.8125 1878
112930.5234375 1878
241272.171875 1884
232484.125 1884
398189.0625 1884
146429.421875 1884
144774.734375 1884
265412.5625 1890
275767.96875 1890
258045.078125 1890
186451.953125 1890
185514.03125 1890
324630.875 1896
311572.5625 1896
264579.6875 1896
191711.5 1896
235500.328125 1896
232106.828125 1902
228551.109375 1902
216765.9375 1902
199223.921875 1902
163247.296875 1902
275949.96875 1908
239746.125 1908
222414.015625 1908
179704.203125 1908
120079.046875 1908
243212.953125 1914
695789.625 1914
276669.96875 1914
189526.328125 1914
187662.796875 1914
296036.25 1920
283300.8125 1920
236904.328125 1920
182703.921875 1920
164321.8125 1920
233206.453125 1926
227241.78125 1926
207378 1926
137945.421875 1926
151005.765625 1926
197883.375 1932
198639.546875 1932
192525.1875 1932
110688.6171875 1932
98679.21875 1932
187683.65625 1938
334432.84375 1938
178457.28125 1938
170282.390625 1938
156028.859375 1938
238854.984375 1944
236082.453125 1944
233949.90625 1944
204188.421875 1944
208268.59375 1944
245561.6875 1950
229435.1875 1950
186856.4375 1950
152718.46875 1950
183393.4375 1950
261515.453125 1956
298913.25 1956
273265.71875 1956
84105.65625 1956
233304.484375 1956
296708.375 1962
276230.90625 1962
266777.09375 1962
167841.890625 1962
205059.578125 1962
253382.390625 1968
233646.5 1968
344874 1968
214954.46875 1968
154793.421875 1968
227045.34375 1974
245304.6875 1974
216463.078125 1974
202765.375 1974
180543.390625 1974
195548.578125 1980
220442.78125 1980
182116.109375 1980
167560.671875 1980
143608.140625 1980
270655.8125 1986
200438.421875 1986
198167.34375 1986
118861.96875 1986
157590.96875 1986
229646.390625 1992
680951.625 1992
206944.3125 1992
72129.390625 1992
100910.2734375 1992
315943.25 1998
438266.34375 1998
214602.203125 1998
160053.65625 1998
192738.421875 1998
305963.53125 2004
288047 2004
266242.125 2004
156638.890625 2004
124159.4765625 2004
241639.296875 2010
229151 2010
227138.375 2010
124584.9609375 2010
186636.140625 2010
214681.640625 2016
210296.390625 2016
203987.609375 2016
118148.734375 2016
101949.46875 2016
232070.703125 2022
205910.25 2022
201947.46875 2022
187831.859375 2022
195432.296875 2022
172839.109375 2028
460096.21875 2028
328390.4375 2028
121877.953125 2028
257734.28125 2028
199313.453125 2034
1387895.625 2034
215699.234375 2034
121012.3515625 2034
156144.421875 2034
215587.734375 2040
207759.234375 2040
175385.96875 2040
133866.515625 2040
167803.09375 2040
245498.25 2046
219265.515625 2046
195734.25 2046
124142.671875 2046
176879.046875 2046
209338.828125 2052
265808 2052
204112.34375 2052
107015.40625 2052
81805.8359375 2052
295089.46875 2058
272833.96875 2058
242029.3125 2058
306998.46875 2058
211509.4375 2058
279596.21875 2064
344047.25 2064
268328.75 2064
217911.9375 2064
239048.390625 2064
461659.03125 2070
287076.25 2070
239727 2070
176207.484375 2070
141523.546875 2070
289315.71875 2076
248083.828125 2076
239710.1875 2076
192335.265625 2076
233879.09375 2076
313471.5625 2082
272570.1875 2082
234627.203125 2082
170909.515625 2082
212289.421875 2082
240225.078125 2088
226708.703125 2088
194303.9375 2088
151621.75 2088
172201.546875 2088
270667.78125 2094
231848.375 2094
231583.28125 2094
138420.46875 2094
104489.96875 2094
231911.234375 2100
777134.1875 2100
293249.0625 2100
171948.46875 2100
204617.34375 2100
313457 2106
357650.125 2106
334813.9375 2106
239250.421875 2106
227083.484375 2106
311358.90625 2112
275974.46875 2112
268507.40625 2112
210103.609375 2112
745499.75 2112
509266.0625 2118
357812.3125 2118
275292.84375 2118
198966.8125 2118
250130.765625 2118
237873.71875 2124
221882.859375 2124
217763.859375 2124
293597.25 2130
209899.1875 2124
274526.0625 2130
446653.90625 2130
263637.84375 2130
172077.1875 2130
157191.078125 2130
262260.09375 2136
301801.4375 2136
255757.484375 2136
168890.40625 2136
204035.453125 2136
343539.25 2142
305420.40625 2142
279846.78125 2142
275541.75 2142
192022.671875 2142
260658.328125 2148
1084555.125 2148
184810.15625 2148
164233.5 2148
164238.9375 2148
216337.609375 2154
247440.25 2154
173554.90625 2154
128700.1640625 2154
73617.5 2154
163067.34375 2160
193491.65625 2160
175236.390625 2160
116666.6640625 2160
67554.40625 2160
271935 2166
247815.78125 2166
743949.125 2166
99855.0546875 2166
56580.8359375 2166
338825.75 2172
295897.125 2172
269607.15625 2172
135084.65625 2172
245142.921875 2172
280384.5 2178
435980.6875 2178
280355.90625 2178
279750.3125 2178
263708.78125 2178
307214.84375 2184
261598 2184
243937.609375 2184
224715.5 2184
359763.75 2190
335777.28125 2190
307211.09375 2190
305214.6875 2190
301943.9375 2190
266420.03125 2190
281905.5625 2196
1212928.125 2196
274561.46875 2196
226895.78125 2196
248920.34375 2196
331526.625 2202
297978.53125 2202
264949.96875 2202
209456.5625 2202
161257.125 2202
322173.125 2208
584692.0625 2208
856240.1875 2208
217087.640625 2208
423938 2208
389578.375 2214
377137.0625 2214
1301518.25 2214
300714.125 2214
331523.1875 2214
348429.0625 2220
302500.28125 2220
297520.125 2220
266849.53125 2220
208906.59375 2220
340833.5625 2226
323400 2226
253884.046875 2226
252836.21875 2226
222366.1875 2226
279005 2232
486150.03125 2232
272550.125 2232
235147.515625 2232
174527.5625 2232
331183.46875 2238
368574.15625 2238
273194 2238
198708.734375 2238
146909.15625 2238
266598.96875 2244
1271599.25 2244
435161.03125 2244
217798.78125 2244
227108.484375 2244
288444.28125 2250
252027.203125 2250
241050.453125 2250
201438.53125 2250
178632.765625 2250
344381.53125 2256
319016.625 2256
298084.46875 2256
157697.78125 2256
282286.28125 2256
379459.5 2262
1384397.875 2262
363439.59375 2262
307796.25 2262
296472.71875 2262
344759.71875 2268
353070.65625 2268
290323.28125 2268
201355.609375 2268
155611.5 2268
405159.375 2274
721194.25 2274
298037 2274
287780.1875 2280
148165.28125 2274
265515.03125 2280
265939.1875 2280
253208.9375 2280
234738.265625 2280
172253.984375 2280
290034.4375 2286
394285.03125 2286
273110.53125 2286
240692.265625 2286
264313.71875 2286
222787.671875 2292
1527069.25 2292
201722.640625 2292
165257.125 2292
129339.5234375 2292
279249.09375 2298
362786.84375 2298
325339.875 2298
242365.734375 2298
205259.328125 2298
230430.96875 2304
1270889 2304
229272.390625 2304
201450.921875 2304
146624.015625 2304
303850.9375 2310
292510.3125 2310
290957.40625 2310
238311.921875 2310
125037.203125 2310
336621.46875 2316
306158.09375 2316
294106.09375 2316
181520.734375 2316
253153.4375 2316
274167.15625 2322
267190.6875 2322
260654.203125 2322
257910.75 2322
173780.703125 2322
245150.59375 2328
279995.90625 2328
242491.5 2328
211473.3125 2328
141613.5 2328
236940.15625 2334
719600.1875 2334
351384.8125 2334
114415.015625 2334
151585.609375 2334
255931.71875 2340
467520.25 2340
575288.75 2340
110587.2265625 2340
107139.0234375 2340
293715 2346
277326.5 2346
272671.9375 2346
248573.703125 2346
138888.859375 2346
304599.21875 2352
292665.21875 2352
280691.375 2352
167879.1875 2352
163680.734375 2352
245506.65625 2358
244783.1875 2358
224800.046875 2358
129206.015625 2358
1813897.375 2358
290349.125 2364
854677.9375 2364
327498.34375 2364
237963.875 2364
235310.75 2364
230639.15625 2370
319889.21875 2370
623243.1875 2370
100706.3125 2370
162579.671875 2370
215405.046875 2376
420793.03125 2376
333795.625 2376
206661.640625 2376
166366.609375 2376
251441.296875 2382
208102.984375 2382
752392.75 2382
390720.09375 2382
158292.328125 2382
294284.625 2388
469745.75 2388
263243.4375 2388
236747.046875 2388
229844.171875 2388
357011.21875 2394
395451.90625 2394
355449.09375 2394
293121.71875 2394
310165.625 2394
367422.71875 2400
307937.875 2400
299803.59375 2400
178213.90625 2400
1103339.375 2400
328376.90625 2406
328331.09375 2406
1356073 2406
301902.53125 2406
258506.890625 2406
310747.75 2412
280053.5625 2412
247780.8125 2412
207561.875 2412
40010.05859375 2412
275446.9375 2418
965595.6875 2418
314168.84375 2418
112273.2890625 2418
158187.28125 2418
283980.9375 2424
14454125 2424
271249.78125 2424
247129.1875 2424
270505.96875 2424
277430.03125 2430
270729.96875 2430
238693.4375 2430
201750.875 2430
80983.6484375 2430
307026.1875 2436
273203.0625 2436
251177.953125 2436
179035.4375 2436
190927.65625 2436
325515.9375 2442
1693727.125 2442
354336.96875 2442
294832.15625 2442
184713.203125 2442
300539.8125 2448
742372 2448
424510.96875 2448
274282.4375 2448
277861.59375 2448
324716.25 2454
12748099 2454
323676.65625 2454
302959.625 2454
217009.78125 2454
354096.4375 2460
361092.3125 2460
332641.4375 2460
216300.875 2460
299098.84375 2460
261727.59375 2466
242057.984375 2466
229105.5625 2466
172162.390625 2466
196708.75 2466
253370.09375 2472
300655.71875 2472
286180.09375 2472
156922.171875 2472
230575.890625 2472
214601.484375 2478
301005.65625 2478
288597.8125 2478
213391.375 2478
196506.8125 2478
267626.09375 2484
20357732 2484
315298.875 2484
172504.421875 2484
205436.15625 2484
408104.21875 2490
274632.8125 2490
221320.9375 2490
211869.328125 2490
154209.5625 2490
227914.90625 2496
246120.3125 2496
411882.71875 2496
137807.40625 2496
170817.203125 2496
222063.71875 2502
233936.40625 2502
659036.625 2502
465844.875 2502
443427.96875 2508
360785.28125 2508
391008.4375 2508
325302 2508
186917.59375 2508
251234.109375 2508
301034.9375 2514
15459509 2514
279748.75 2514
160381.078125 2514
218152.65625 2514
275166.25 2520
347407.3125 2520
274222.71875 2520
198054.546875 2520
220332.8125 2520
273827.8125 2526
632267.125 2526
261389.5625 2526
396229.0625 2532
239331.984375 2526
253685.875 2532
572320.875 2532
303134.53125 2532
207833.03125 2532
290337.59375 2532
255706.21875 2538
338866.21875 2538
274490.53125 2538
167600.109375 2538
228768.453125 2538
264263.75 2544
4602827 2544
234509.890625 2544
75444.5078125 2544
104691.3046875 2544
213057.65625 2550
250781.453125 2550
185553.859375 2550
89774.1015625 2550
103846.40625 2550
171963.5625 2556
176445.640625 2556
169992.203125 2556
168077.640625 2556
77685.1328125 2556
266713.65625 2562
294215.65625 2562
239578.390625 2562
257986.6875 2562
329956.40625 2568
312026.59375 2568
932369.5 2568
330301.71875 2568
261858.734375 2568
245876.75 2568
262436.4375 2574
826630.375 2574
360713.40625 2574
218056.0625 2574
171269.515625 2574
252562.40625 2580
318997.09375 2580
274943.90625 2580
231073.03125 2580
241100.5 2580
247798.421875 2586
233950.953125 2586
215842.109375 2586
137470.828125 2586
165683.15625 2586
217102.859375 2592
229705.296875 2592
215273.28125 2592
186352.546875 2592
182143.59375 2592
169940.265625 2598
557478.0625 2598
383455.875 2598
162052.515625 2598
140325.96875 2598
322054.53125 2604
687125.5625 2604
239462.59375 2604
134158.5 2604
180196.265625 2604
208025.984375 2610
300004.3125 2610
205644 2610
121794.921875 2610
128904.4296875 2610
191610.328125 2616
293985.28125 2616
168513.859375 2616
104862.109375 2616
148010.96875 2616
200302.140625 2622
197010.5625 2622
183723.109375 2622
125083.0546875 2622
101453.640625 2622
213423.125 2628
922154.1875 2628
270226.21875 2628
155251.671875 2628
190823.734375 2628
205345.59375 2634
746743.0625 2634
537467.9375 2634
76204.921875 2634
119217.4921875 2634
304098.53125 2640
298825.59375 2640
263599.5 2640
202360.890625 2640
246140.25 2640
257071.53125 2646
254355.21875 2646
244393.328125 2646
295501.71875 2652
209830.734375 2646
203005.0625 2652
213161.0625 2652
199957.796875 2652
186222.6875 2652
61424.69921875 2652
145979.515625 2658
409205.59375 2658
250178.0625 2658
138679.453125 2658
207393.859375 2658
203605.828125 2664
323861.71875 2664
191083.34375 2664
162953.8125 2664
119407.09375 2664
164185.734375 2670
257824.28125 2670
257090.03125 2670
156464.265625 2670
133707.515625 2670
185099.171875 2676
163958.140625 2676
158662.625 2676
123689.8671875 2676
120747.5234375 2676
187995.6875 2682
180256.6875 2682
151322.703125 2682
88795.859375 2682
104523.03125 2682
116746.421875 2688
338742.75 2688
237373.3125 2688
114371.625 2688
191362.09375 2688
150354.03125 2694
216315.859375 2694
168166.046875 2694
104154.109375 2694
135761.671875 2694
140748.765625 2700
337290.34375 2700
178425.09375 2700
266983.6875 2700
121425.3515625 2700
171287.765625 2706
283803.375 2706
193009.3125 2706
115549.3046875 2706
141326.46875 2706
158858.15625 2712
319953.71875 2712
169623.203125 2712
155778.8125 2712
137724.640625 2712
167384.671875 2718
276081.9375 2718
165981.703125 2718
139651.5 2718
143034.40625 2718
243063.984375 2724
206553.6875 2724
201787.890625 2724
192321.578125 2724
290084.25 2724
289890.46875 2730
579236.125 2730
947239.75 2730
502845.28125 2730
352071.96875 2730
312238.15625 2736
301985.65625 2736
276283.8125 2736
236682.5625 2736
235224.1875 2736
273841.71875 2742
398117.6875 2742
243888.296875 2742
139160.984375 2742
66671.421875 2742
230921.875 2748
567513.0625 2748
245944.75 2748
206375.34375 2748
92335.9140625 2748
302816.75 2754
526124.125 2754
377147.3125 2754
280458.75 2754
302035.53125 2754
319480.46875 2760
1446382.25 2760
296124.25 2760
243170.90625 2760
56449.640625 2760
247739.640625 2766
259259.984375 2766
226162.90625 2766
31230.92578125 2766
145646.65625 2766
240997.625 2772
239027.640625 2772
228945.15625 2772
213466.390625 2772
169827.359375 2772
187490.09375 2778
2736973.5 2778
358539.59375 2778
288584.0625 2778
249387.796875 2778
234333.453125 2784
220135.203125 2784
181690.703125 2784
115229.8125 2784
126481.890625 2784
298974.15625 2790
2042441 2790
226260.875 2790
192976.75 2790
159340.515625 2790
243192.890625 2796
337044.09375 2796
200031.578125 2796
136812.46875 2796
162552.265625 2796
246468.703125 2802
234282.859375 2802
221708.921875 2802
104098.8515625 2802
131936.3125 2802
204762.828125 2808
204571.984375 2808
184719.4375 2808
102043.9453125 2808
144976.109375 2808
205326.53125 2814
206491.359375 2814
201841.671875 2814
109460.6640625 2814
177150.453125 2814
165697.421875 2820
2633936.5 2820
501635.875 2820
161266.71875 2820
137347.9375 2820
190062.375 2826
386731.8125 2826
296086.59375 2826
77215.59375 2826
180145.9375 2826
147026.203125 2832
231208.953125 2832
208077.578125 2832
27153.720703125 2832
111058.03125 2832
224133.3125 2838
432866.71875 2838
317466.15625 2838
134034.96875 2838
154578.6875 2838
188276.203125 2844
186925.046875 2844
170722.515625 2844
141390.9375 2844
337075.8125 2844
328994.125 2850
2721967.25 2850
271853.15625 2850
206562.53125 2850
144936.125 2850
242498.25 2856
239269.375 2856
297381.6875 2856
147411.9375 2856
158572.90625 2856
266968.21875 2862
759655.0625 2862
227825.453125 2862
212399.65625 2862
217741.75 2862
275553.34375 2868
262620.15625 2868
366771.4375 2868
254178.90625 2868
193848.78125 2868
351520.5 2874
307001.09375 2874
288520.78125 2874
197838.265625 2874
226549.09375 2874
256199.78125 2880
1322122.375 2880
225238.296875 2880
123983.3828125 2880
181848 2880
239296.546875 2886
1013188.0625 2886
225294.28125 2886
217497.90625 2886
233177.140625 2886
391111.5625 2892
280747.1875 2892
257888.171875 2892
238067 2892
253641.84375 2892
316257.28125 2898
611762.5625 2898
490746.59375 2898
255486.671875 2898
108676.0078125 2898
238009.796875 2904
980350.5625 2904
549834.375 2904
243233.203125 2904
167343.328125 2904
347104.34375 2910
342844.75 2910
318267.5 2910
224775.8125 2910
209988.78125 2910
505742.09375 2916
838504.1875 2916
828628.875 2916
457353.4375 2916
406064.125 2916
705171.25 2922
1021906.625 2922
838389.8125 2922
566767.6875 2922
650005.9375 2922
615986.3125 2928
1046150.875 2928
529844.75 2928
2406223.25 2928
746896.375 2934
544668 2934
1831221.125 2934
1338025 2934
488270.5 2934
477283.625 2934
510911.5 2940
1516367.75 2940
671169 2940
78054.6875 2940
161882.9375 2940
427881.78125 2946
889543.5625 2946
471986.4375 2946
381347.15625 2946
135624.4375 2946
502166.6875 2952
905436.75 2952
448377.09375 2952
220045.9375 2952
204045.125 2952
509663.28125 2958
484717.375 2958
439371.5 2958
220200.640625 2958
193949.84375 2958
412939.375 2964
1121125.75 2964
629001.75 2964
475906.375 2964
211667.4375 2964
364489.375 2970
685462.875 2970
479528.25 2970
361915.4375 2970
358679.9375 2970
357405.9375 2976
489004.65625 2976
308259.96875 2976
183662.828125 2976
234222.375 2976
333160.8125 2982
377011.0625 2982
272042.90625 2982
50304.734375 2982
197307.234375 2982
321938.96875 2988
615470.375 2988
566750.5 2988
262937.8125 2988
248381.015625 2988
376434.1875 2994
375889.59375 2994
322335.625 2994
310231.21875 2994
252548.125 2994
417953.65625 3000
411359.15625 3000
402995.53125 3000
313694.90625 3000
204696.53125 3000
1627968.75 3006
1138352.25 3006
588869.375 3006
343763.75 3006
374040.21875 3012
335092.3125 3012
559802.5 3012
299870.75 3012
248655.375 3012
522007.1875 3012
402426.3125 3018
518684.8125 3018
335431.625 3018
294767.75 3018
290758 3018
377144.5625 3024
357156.84375 3024
378943.5625 3024
303113.3125 3024
63737.3125 3024
241543.3125 3030
438077.6875 3030
481169.5625 3030
172066.75 3030
151970.0625 3030
336257.3125 3036
368523.1875 3036
343766.5 3036
148231.46875 3036
154342.28125 3036
255328.703125 3042
243411.921875 3042
242158.09375 3042
219435.375 3042
60558.6015625 3042
226517.140625 3048
349834.03125 3048
274513.5625 3048
114924.0078125 3048
2608075.75 3048
265176.71875 3054
259455.828125 3054
253607.453125 3054
217563.484375 3054
203608.296875 3054
319760.3125 3060
603854.9375 3060
275070.96875 3060
189211.421875 3060
252158.59375 3060
282933.75 3066
704776 3066
245499.6875 3066
179810.9375 3066
237826.90625 3066
246526.578125 3072
242740.796875 3072
405627.34375 3072
215210.78125 3072
193396.328125 3072
260487.40625 3078
294542.78125 3078
253998.59375 3078
182769.25 3078
234009.078125 3078
200744.078125 3084
334559.75 3084
236597.09375 3084
188562.96875 3084
171197.0625 3084
664915.3125 3090
277710.6875 3090
213700.09375 3090
130808.7578125 3090
143097.234375 3090
169123.5625 3096
212224.015625 3096
181851.421875 3096
95553.9921875 3096
113810.109375 3096
229192.859375 3102
544651.5625 3102
206082.859375 3102
204578.5625 3102
157555.921875 3102
274881.03125 3108
273941.3125 3108
264514.40625 3108
257078.9375 3108
138741.578125 3108
196090.671875 3114
831310.625 3114
412898.03125 3114
139576.78125 3114
154169.703125 3114
317544.46875 3120
614522.25 3120
482984.65625 3120
217400.515625 3120
228305.109375 3120
255041.734375 3126
235868.5625 3126
224404.1875 3126
192663.484375 3126
115418.296875 3126
263631.21875 3132
224264.65625 3132
220358.203125 3132
149059.328125 3132
211423.453125 3132
248350.375 3138
236309.265625 3138
227161.328125 3138
217103.421875 3138
143647.875 3138
273711.75 3144
346774.6875 3144
269058.09375 3144
253861.03125 3144
236337.71875 3144
337928.0625 3150
757711.625 3150
338481.1875 3150
1871755.375 3156
248332.609375 3150
380143.4375 3156
365817.15625 3156
347494.15625 3156
501732.5625 3156
310802.34375 3156
361563.75 3162
333966.4375 3162
324169.375 3162
250502.84375 3162
149678.4375 3162
280167.65625 3168
1044242.9375 3168
555777.625 3168
268426.9375 3168
214378.328125 3168
313922.21875 3174
311241.46875 3174
270841.5625 3174
241507.734375 3174
411818.46875 3174
269682.75 3180
249109.71875 3180
245245.484375 3180
2860876.75 3180
209132.390625 3180
311802.65625 3186
2596968.75 3186
225767.15625 3186
154798.203125 3186
167247.84375 3186
205019.46875 3192
361111.75 3192
186311.796875 3192
88242.75 3192
154714.0625 3192
190518.75 3198
990250.875 3198
406126.28125 3198
167892.859375 3198
112453.7421875 3198
234449.453125 3204
203649.125 3204
202215.171875 3204
165970.1875 3204
113660.4609375 3204
179305.078125 3210
393959 3210
241244.625 3210
164828.53125 3210
151632.28125 3210
168534.421875 3216
2182104.5 3216
1629316.5 3216
157398.484375 3216
340193.25 3216
260646.8125 3222
196091.03125 3222
230475.28125 3222
181893.359375 3222
161092.96875 3222
157971.90625 3228
469502.46875 3228
256806 3228
153121.953125 3228
87766.390625 3228
176002.765625 3234
253289.421875 3234
159503.046875 3234
75054.21875 3234
89780.890625 3234
151939.71875 3240
409868.28125 3240
261627.109375 3240
253127.890625 3246
112351.1171875 3240
153005.78125 3246
1805858 3246
663155.1875 3246
214206.1875 3246
83143.09375 3246
211980 3252
564623.0625 3252
434055.46875 3252
103223.9765625 3252
104407.1484375 3252
159682.75 3258
229410.125 3258
223607.3125 3258
135235.21875 3258
137402.125 3258
143174.28125 3264
217180.0625 3264
140429.40625 3264
33413.14453125 3264
130867.5234375 3264
146297.90625 3270
327439.1875 3270
237152.109375 3270
114214.40625 3270
134765.125 3270
166533.21875 3276
1785938.625 3276
178083.9375 3276
121435.953125 3276
147813.0625 3276
156775.34375 3282
191526.640625 3282
190800.90625 3282
102372.3515625 3282
115676.5546875 3282
196905.71875 3288
586410.5625 3288
306411.625 3288
199970.640625 3288
256004.28125 3288
344409.5625 3294
256331.921875 3294
201030.109375 3294
164975.765625 3294
185080.078125 3294
185285.203125 3300
247677.4375 3300
173184.859375 3300
84987.1171875 3300
174116.375 3300
171977.140625 3306
1803612.75 3306
258209.03125 3306
146429.84375 3306
122640.6640625 3306
173441.796875 3312
186946.28125 3312
157154.921875 3312
153014.953125 3312
118621.546875 3312
126873.34375 3318
551084.3125 3318
130656.6796875 3318
101743.8125 3318
215804.84375 3324
162275.125 3324
437434.71875 3324
360182.875 3324
252033.109375 3324
28147.892578125 3324
170755.90625 3330
258213.703125 3330
211824.0625 3330
92131.765625 3330
69204.875 3330
237654.890625 3336
806996 3336
203788.015625 3336
141570.15625 3336
94362.0546875 3336
130643.015625 3342
203704.421875 3342
164585.28125 3342
102086.484375 3342
115469.5 3342
106985.3515625 3348
270488.6875 3348
175754.296875 3348
90231.4765625 3348
54647.09765625 3348
159828 3354
346588.15625 3354
168615.625 3354
105766.7734375 3354
53435.98828125 3354
131006.6171875 3360
197011.875 3360
120557.0390625 3360
116726.890625 3360
131629.671875 3366
119301.7109375 3366
203321.640625 3366
171004.65625 3366
78297.015625 3366
132936.609375 3366
120304.7265625 3372
129489.109375 3372
113038.2734375 3372
100205.0078125 3372
524899.1875 3372
156475.046875 3378
150348.15625 3378
129279.140625 3378
89476.9921875 3378
119948.078125 3378
132966.90625 3384
186747.375 3384
214831.609375 3384
152709.515625 3384
92277 3384
145244.75 3390
885805.3125 3390
140021.40625 3390
25084.591796875 3390
117666.65625 3390
91681.625 3396
288885.96875 3396
164196.3125 3396
109900.875 3396
29089.900390625 3396
102885.3984375 3402
337707.53125 3402
161177.375 3402
129847.453125 3408
129574.0546875 3402
111347.2421875 3408
299062.03125 3408
117195.5859375 3408
66852.6640625 3408
78513.46875 3408
101883.421875 3414
516677.125 3414
168964.046875 3414
106664.578125 3414
20886.193359375 3414
144408.4375 3420
217978.3125 3420
201367.015625 3420
88261.8359375 3420
142185.578125 3420
162396.875 3426
163595.09375 3426
346933.625 3426
119717.53125 3426
160947.640625 3426
159222.46875 3432
257871.015625 3432
199005.9375 3432
130863.203125 3432
221164.9375 3438
200335.40625 3438
188585.203125 3438
186507.75 3438
150670.703125 3438
133109.671875 3438
151984.359375 3444
233759.859375 3444
142730.40625 3444
122096.703125 3444
136062.734375 3444
142667.59375 3450
146360.234375 3450
130873.140625 3450
115808.1640625 3450
24639.236328125 3450
121435.328125 3456
275311.75 3456
158256.40625 3456
151197.3125 3456
115089.8046875 3456
146269 3462
212763.09375 3462
129221.25 3462
108877.171875 3462
126040.5625 3462
157277.578125 3468
156873.96875 3468
229021.53125 3468
137382.046875 3468
26567.244140625 3468
151741.65625 3474
289843.3125 3474
179463.46875 3474
150943.8125 3474
167167.9375 3474
216589.609375 3480
636285.25 3480
175397.984375 3480
145854.84375 3480
135804.765625 3480
188362.953125 3486
468197.59375 3486
214689.1875 3486
246053.578125 3486
177125.75 3486
223583.84375 3492
267662.5625 3492
216595.15625 3492
171290.078125 3492
151047.828125 3492
173319.390625 3498
261506.234375 3498
171732.125 3498
115652.234375 3498
119362.3359375 3498
147022.140625 3504
255969.40625 3504
312342.25 3504
132581.5 3504
46415.640625 3504
140310.640625 3510
209193.578125 3510
125810.921875 3510
74764.140625 3510
82287.2109375 3510
123336.328125 3516
200445.171875 3516
119937.4609375 3516
71575.7890625 3516
62642.6875 3516
129102.375 3522
229797.90625 3522
123011.8984375 3522
104033.609375 3522
103054.96875 3522
132655.171875 3528
271311.6875 3528
212459.9375 3528
121167.59375 3528
155109.421875 3528
119002.328125 3534
315943.8125 3534
246259.140625 3534
108969.703125 3534
89537.5859375 3534
62956.48046875 3540
70538.2578125 3540
59891.375 3540
419184.09375 3540
70109.4765625 3546
66835.484375 3546
256557.203125 3546
99098.5703125 3546
38971.5078125 3546
22825.44921875 3546
73551.3046875 3552
180305.296875 3552
89929.4765625 3552
54213.95703125 3552
86250.859375 3552
76304.65625 3558
143835.875 3558
105210.2578125 3558
108548.8515625 3564
53704.9609375 3558
100944.96875 3564
196567.1875 3564
160994.734375 3564
82790.75 3564
21915.0234375 3564
72600.328125 3570
212466.78125 3570
137685.328125 3570
106951.8125 3570
65388.98046875 3570
92312.65625 3576
1126229.625 3576
158985.078125 3576
123022.4921875 3576
95825.109375 3576
95567.9921875 3582
103289.0625 3582
98442.84375 3582
72238.796875 3582
252511.796875 3582
103392.78125 3588
97870.9921875 3588
148735.09375 3588
73898.1484375 3588
90775.3359375 3588
103421.84375 3594
118840.984375 3594
101596.6953125 3594
64063.1171875 3594
77805.296875 3594
82498.765625 3600
573425.5625 3600
144680.46875 3600
75057.578125 3600
51258.1953125 3600
90254.25 3606
169435.1875 3606
164773.984375 3606
74144.796875 3606
70609.84375 3606
101643.0546875 3612
141162.265625 3612
140822.296875 3612
96554.9609375 3612
77004.4609375 3612
528819.25 3618
1359743.125 3618
270629.59375 3618
66077.609375 3618
98764.890625 3618
195795.3125 3624
172668.65625 3624
148413.296875 3624
117118.6015625 3624
95066.5546875 3624
93747.859375 3630
140648.921875 3630
109738.5703125 3630
73173.0625 3630
70734.6796875 3630
143130.96875 3636
135514.515625 3636
127641.765625 3636
55676.69921875 3636
78897.65625 3636
96996.234375 3642
7045196 3642
161972.09375 3642
88149.328125 3642
112452.3828125 3642
93131.0859375 3648
487404.9375 3648
298867.75 3648
92909.5390625 3648
37481.54296875 3648
995559.625 3654
667932.9375 3654
201227.390625 3654
135780.125 3654
126943.0390625 3654
219575.625 3660
217687.40625 3660
216390.9375 3660
280545.0625 3660
193634 3660
230855.40625 3666
204760.1875 3666
180777.546875 3666
172280.453125 3666
142305.875 3666
165290.203125 3672
6845160 3672
259117.828125 3672
133493.390625 3672
62585.66796875 3672
198848.640625 3678
343894.1875 3678
314673.21875 3678
171498.203125 3678
194082.1875 3678
211447.953125 3684
788331.1875 3684
163053.765625 3684
116092.0703125 3684
157315.765625 3684
164038.09375 3690
429494.1875 3690
163974.953125 3690
156870.265625 3690
117790.109375 3690
163468.28125 3696
554409.1875 3696
207386.3125 3696
149354.875 3696
129036.0546875 3696
181567.515625 3702
154949.125 3702
153970.90625 3702
151462.109375 3702
122540.0078125 3702
158678.640625 3708
235691.5625 3708
204972.90625 3708
55682.359375 3708
69590.3359375 3708
126201.4140625 3714
573117.8125 3714
124973.2265625 3714
106274.125 3714
67206.5625 3714
116574.9140625 3720
4374305.5 3720
180742.3125 3720
71386.4453125 3720
91350.046875 3720
100863.140625 3726
267203.96875 3726
208732.078125 3726
100314.8515625 3726
190951.34375 3726
156036.5 3732
544831.9375 3732
486827.65625 3732
147415.640625 3732
129905.890625 3732
146183.640625 3738
279457.4375 3738
211634.53125 3738
110056.4921875 3738
110783.6171875 3738
134417.0625 3744
634829.375 3744
127259.5 3744
106895.5703125 3744
96492.96875 3744
168081.75 3750
5064310 3750
437704.625 3750
64327.51953125 3750
77856.8828125 3750
194853.46875 3756
299897.5625 3756
177320.359375 3756
162302.03125 3756
88398.890625 3756
147858.859375 3762
288606.1875 3762
450933.53125 3762
106313.7109375 3762
141209 3762
164984.875 3768
1099558.25 3768
295813.84375 3768
161123.5 3768
150507.859375 3768
161249.0625 3774
808104.6875 3774
157859.828125 3774
114553.703125 3774
121517.4921875 3774
195077.734375 3780
5045014.5 3780
1364908 3780
1222497.375 3780
497595.5625 3780
185104.546875 3786
687595.875 3786
323707.53125 3786
305630.8125 3786
263483.96875 3786
175354.453125 3792
463247.6875 3792
418952.53125 3792
289914.0625 3792
151769.171875 3792
209392.671875 3798
1646222.125 3798
149815.65625 3798
109312.140625 3798
140181.5625 3798
181092.875 3804
1107875.625 3804
781360.1875 3804
116023.6640625 3804
111342.375 3804
137198.546875 3810
1143295.625 3810
1040601.375 3810
181019.828125 3810
80075.203125 3810
147701.65625 3816
532253.4375 3816
505349.0625 3816
118246.5859375 3816
358062.375 3816
219136.3125 3822
329910.59375 3822
161922.75 3822
149343.6875 3822
156177.390625 3822
306282.40625 3828
2888655 3828
711437.75 3828
293523.40625 3828
572570.75 3828
257625.171875 3834
2179246.25 3834
308987.28125 3834
217705.203125 3834
252013.875 3834
236275.84375 3840
2020817.75 3840
1417488.75 3840
205416.71875 3840
212938.78125 3840
228048.609375 3846
458104.0625 3846
255376.625 3846
216331.46875 3846
146525.9375 3846
159101.703125 3852
549741.8125 3852
204416.109375 3852
126893.4375 3852
60507.8671875 3852
129754.5078125 3858
721831 3858
695004.25 3858
568988.75 3858
614917.0625 3858
384537.09375 3864
489915.28125 3864
254344.609375 3864
191084.078125 3864
152987.171875 3864
116932.78125 3870
1088898.75 3870
216765.625 3870
187700.015625 3870
143819.984375 3870
112891.6875 3876
450996.34375 3876
374537.84375 3876
69298.265625 3876
33529.08203125 3876
107892.1640625 3882
337519.875 3882
891603.625 3882
92018.78125 3882
210903.03125 3882
190653.78125 3888
2769850 3888
389628.5 3888
119591.7109375 3888
174146.734375 3888
135826.578125 3894
159287.09375 3894
126745.609375 3894
104394.7578125 3894
103820.3359375 3894
120876.7421875 3900
410249.625 3900
357541.9375 3900
104571.75 3900
103452.203125 3900
133894.828125 3906
814173.1875 3906
366202.59375 3906
328446.875 3906
128393.2578125 3906
135590.8125 3912
967659.125 3912
826510.6875 3912
694900.25 3912
632104.5 3912
264328.75 3918
2799522.25 3918
357417.03125 3918
337812.125 3918
91604.0703125 3918
188067.390625 3924
182042.78125 3924
173073.375 3924
120723.9453125 3924
65489.90234375 3924
174462.5 3930
3097265.5 3930
642097.3125 3930
137119.375 3930
167761.59375 3930
153300.90625 3936
728996.3125 3936
433951.84375 3936
286115.1875 3936
199881.71875 3936
157541.671875 3942
643505.125 3942
217588.203125 3942
101555.9765625 3942
83928.09375 3942
107883.203125 3948
980983.875 3948
612780.5625 3948
276844.15625 3948
47372.1328125 3948
88836.6484375 3954
1329338.5 3954
348855.4375 3954
207087.265625 3954
59535.31640625 3954
115329.09375 3960
1903593.25 3960
1195860.5 3960
865453.5625 3960
72269.296875 3960
202106.984375 3966
641694.4375 3966
541852.9375 3966
457342.53125 3966
119209.8984375 3966
154161.640625 3972
527119 3972
169619.03125 3972
119115.2109375 3972
80301.265625 3972
148625.4375 3978
1231578.125 3978
377414.09375 3978
129046.2265625 3978
245552.328125 3978
343597.28125 3984
37443700 3984
403606.4375 3984
140872.109375 3984
182155.234375 3984
146461.78125 3990
31261724 3990
556954.75 3990
207008.796875 3990
141636.546875 3990
149166.359375 3996
1825652.75 3996
759817.3125 3996
745329.8125 3996
347717.25 3996
168836.796875 4002
776408.6875 4002
352431.71875 4002
135598.328125 4002
89197.4453125 4002
144534.109375 4008
861139.9375 4008
510995.40625 4008
135612.484375 4008
126856.6328125 4008
128502.78125 4014
9423457 4014
400947.03125 4014
248145.203125 4014
122674.15625 4014
205488.140625 4020
5942207.5 4020
258260.765625 4020
149368.390625 4020
127792.796875 4020
203202.8125 4026
535364.1875 4026
198678.703125 4026
147895.078125 4026
142690.40625 4026
162790.953125 4032
2732651.75 4032
1082379.375 4032
842843 4032
90615.6796875 4032
168485.015625 4038
2246884.5 4038
1679232.125 4038
723253.9375 4038
214939.53125 4038
197932.078125 4044
536047.375 4044
359226.65625 4044
159011.703125 4044
150943.46875 4044
120626.2109375 4050
145451.34375 4050
111870.78125 4050
66970.703125 4050
17196.990234375 4050
126055.2421875 4056
161728.578125 4056
145920.171875 4056
124666.84375 4056
58268.09375 4056
152204.890625 4062
3273984.75 4062
143011.296875 4062
130754 4062
105763.78125 4062
134119.875 4068
4674313.5 4068
1009959.6875 4068
996403.375 4068
339485.25 4068
164495.359375 4074
2112832.75 4074
515281.96875 4074
149781.625 4074
78103.1328125 4074
95805.859375 4080
374955.59375 4080
128589.484375 4080
47123.71875 4080
79676.5390625 4080
137166.546875 4086
227759.953125 4086
105021.203125 4086
98739.21875 4086
76827.5390625 4086
108765.1875 4092
1719937.75 4092
1156919.875 4092
768728.4375 4092
107704.6640625 4092
146456.921875 4098
1399190.625 4098
913800.625 4098
290014 4098
85171.4453125 4098
163154.71875 4104
2399629.5 4104
509813 4104
298678.84375 4104
351592.4375 4104
188699.21875 4110
1880395.125 4110
1258448.875 4110
269991.59375 4110
134827.703125 4110
113576.0078125 4116
1355748 4116
869977 4116
104473.4921875 4116
44297.6171875 4116
121845.1484375 4122
2793203.75 4122
531486.625 4122
443850.71875 4122
168088.859375 4122
121944.53125 4128
437832.625 4128
251202.890625 4128
62611.84765625 4128
226573.171875 4128
98261.953125 4134
661042.75 4134
441670.28125 4134
263048.6875 4134
96743.3671875 4134
161281.171875 4140
1043791.3125 4140
487867.9375 4140
287608.5 4140
153725.125 4140
134159.15625 4146
1792164.5 4146
206821.578125 4146
73637.3671875 4146
75522.4140625 4146
147116.90625 4152
793941.3125 4152
276233.84375 4152
420056.0625 4152
146426.15625 4152
161895.796875 4158
1932484.75 4158
290309.96875 4158
265946.21875 4158
136927.171875 4158
206316.515625 4164
1916707.125 4164
481650.34375 4164
288307.15625 4164
176692.859375 4164
177097.46875 4170
1233533.875 4170
220594.359375 4170
104091.2578125 4170
200125.5 4170
120466.3203125 4176
1570702.25 4176
132218.03125 4176
104522.8828125 4176
97427.8828125 4176
94731.9921875 4182
769787.8125 4182
514046.625 4182
252602.328125 4182
106896.2578125 4182
103416.59375 4188
1551383.625 4188
1501089.75 4188
368366.3125 4188
228054.875 4188
230199 4194
1412397 4194
189106.984375 4194
178716.140625 4194
85441.7109375 4194
113390.3515625 4200
263100.09375 4200
138928.71875 4200
67216.125 4200
114132.59375 4200
83121 4206
1285572.125 4206
360362 4206
145463.15625 4206
101305.328125 4206
117912.9609375 4212
346296.25 4212
239087.28125 4212
78007.125 4212
74264.6640625 4212
81429.671875 4218
883830 4218
546158.375 4218
161007.359375 4218
122428.265625 4218
99032.0703125 4224
6291297.5 4224
274765.25 4224
240724.46875 4224
192171.640625 4224
152554.453125 4230
153772.78125 4230
122171.390625 4230
100322.28125 4230
83089.6015625 4230
78807.7734375 4236
225747.65625 4236
141417.234375 4236
73755.03125 4236
61286.63671875 4236
59188.0234375 4242
1525176.5 4242
268805.5 4242
175939.53125 4242
56348.49609375 4242
90960.625 4248
113283.9140625 4248
172121.921875 4248
71219.234375 4248
56613.09765625 4248
79371.5078125 4254
9230922 4254
1000940.3125 4254
306295.3125 4254
199150.46875 4254
124816.2265625 4260
188462.515625 4260
136561.078125 4260
131531.9375 4260
62861.42578125 4260
86975.921875 4266
256476.3125 4266
145162.1875 4266
130765.2421875 4266
44551.84375 4266
93145.828125 4272
1866128.25 4272
315892 4272
63630.4453125 4272
38431.5703125 4272
122851.390625 4278
1063261.25 4278
189549.546875 4278
324763.25 4284
119544.3671875 4278
271606.46875 4284
72732952 4284
133052.515625 4284
693851.6875 4290
465831.9375 4290
275172.0625 4290
1438971.75 4290
574923.3125 4290
216358.125 4290
199218.5 4290
211849.5625 4296
314417.75 4296
275525.71875 4296
697817.0625 4302
202682.75 4296
252854.265625 4302
17228444 4302
406325.5 4302
223428.90625 4308
46370.765625 4302
162532.40625 4308
2107172.5 4308
746841.75 4308
615494.1875 4308
132614.515625 4308
229652.9375 4314
97366568 4314
371540.53125 4314
168033.09375 4314
351734.84375 4314
173382.3125 4320
4441277.5 4320
1989691.375 4320
250574.125 4320
85487.7578125 4320
171072.453125 4326
2785836.5 4326
161485.546875 4326
98876.328125 4326
146689.78125 4326
148983.34375 4332
5431336.5 4332
340659.40625 4332
288457.46875 4332
131455.171875 4332
166436.203125 4338
415646.40625 4338
195479.84375 4338
180087.328125 4338
63232.66015625 4338
150840.25 4344
34785956 4344
217959.296875 4344
122842.3671875 4344
106413.0546875 4344
147844.21875 4350
3441914 4350
140669.703125 4350
92897.6640625 4350
314961.53125 4350
223332.78125 4356
1186134.375 4356
213251.03125 4356
58580.96484375 4356
170457.84375 4356
152617.515625 4362
704996.0625 4362
334873.15625 4362
145158.9375 4362
144670.71875 4362
254546.125 4368
4347218 4368
280531.75 4368
127521.2890625 4368
178416.828125 4368
258328.1875 4374
237615.046875 4374
188795.84375 4374
172535.625 4374
102581.4921875 4374
159748.09375 4380
40185004 4380
246631.171875 4380
200619.875 4380
211884.171875 4380
156950.390625 4386
1526687.875 4386
248658.6875 4386
107836.9140625 4386
133385.3125 4386
131383.5 4392
304613.28125 4392
264968.40625 4392
119944.5234375 4392
318621.03125 4392
168623.890625 4398
2592409.5 4398
203449.25 4398
113051.5859375 4398
162828.71875 4398
172868.796875 4404
196292.6875 4404
538140 4404
124328.65625 4404
79719.2578125 4404
122963.328125 4410
11102084 4410
252353.59375 4410
63655.83203125 4410
175169.84375 4410
129294.59375 4416
345993.9375 4416
340860.03125 4416
209332.421875 4416
244164.234375 4416
133237.625 4422
245070.09375 4422
110931.3515625 4422
92903.1953125 4422
98620.3046875 4422
125316.09375 4428
219302.21875 4428
192843.046875 4428
177345.75 4428
158784.046875 4428
128499.171875 4434
289640.3125 4434
116640.984375 4434
76256.3203125 4434
65128.38671875 4434
85124.6875 4440
934780.4375 4440
551121.375 4440
68662.828125 4440
80675.09375 4440
81321.21875 4446
1117203.75 4446
714014.8125 4446
145005.21875 4446
156842.0625 4446
107375.5546875 4452
390067.375 4452
3839711 4452
611170.375 4452
238674.78125 4452
258136.109375 4458
231835.109375 4458
179139.9375 4458
143781.234375 4458
81927.2265625 4458
140213.78125 4464
758610.9375 4464
338294.53125 4464
85775.8359375 4464
160282.0625 4464
119969.140625 4470
222779.5625 4470
126519.7578125 4470
93696.4375 4470
52288.44140625 4470
366484.9375 4476
1873393 4476
352667.8125 4476
93248.3203125 4476
163509.734375 4476
117764.2890625 4482
4530870.5 4482
145792.96875 4482
125686.1171875 4482
108423.65625 4482
98853.734375 4488
3074920 4488
425297.53125 4488
297802.3125 4488
309662.09375 4488
127954.8671875 4494
789572.25 4494
558151.3125 4494
368828.53125 4494
200345.6875 4494
93405.0546875 4500
457205.3125 4500
228590.09375 4500
73782.03125 4500
132091.140625 4500
104179.578125 4506
3471318.5 4506
1575174.625 4506
423704.71875 4506
379521.65625 4506
114863.84375 4512
1788732.875 4512
150600.875 4512
119121.7890625 4512
91423.7890625 4512
75908.796875 4518
6209588.5 4518
135580.46875 4518
72090.09375 4518
116226.6640625 4518
95236.6015625 4524
1327133.375 4524
328108.90625 4524
231861.40625 4524
44183.65234375 4524
97056.2734375 4530
5881226.5 4530
498085.75 4530
19478.478515625 4530
84002.1328125 4530
76781.5546875 4536
5188977 4536
837729.875 4536
276720 4542
21673.671875 4536
115685.9296875 4542
113594.6484375 4542
100566.1484375 4542
136697.234375 4548
28271.31640625 4542
119298.9765625 4548
63305716 4548
92271.4296875 4548
610229.25 4554
74078.5 4548
391030.4375 4554
21380386 4554
240832.6875 4554
730382.5625 4560
136739.734375 4554
189825.65625 4560
1421985.75 4560
178020.765625 4560
787394.5625 4566
167535.46875 4560
254270.921875 4566
54893420 4566
1284110.125 4566
665817.8125 4566
42620.046875 4566
268503.71875 4572
1581581.375 4572
248418.296875 4572
586188.0625 4578
463185.75 4578
324514.53125 4578
152956176 4578
424733.34375 4578
280687.15625 4578
198503.625 4578
240227.171875 4584
17553690 4584
1958878.5 4584
80398.6875 4584
307088.0625 4584
206641.984375 4590
888080.375 4590
399022.5 4590
55673.3359375 4590
162688.546875 4590
157882.1875 4596
54301084 4596
805978.375 4596
252530.734375 4596
50613.5390625 4596
148509.65625 4602
3318302 4602
508276 4602
140384.28125 4602
438617.0625 4602
157099.546875 4608
51315668 4608
121769.4453125 4608
120958.1171875 4608
28042.15625 4608
150372.515625 4614
185499.53125 4614
129187.140625 4614
165237.8125 4620
28302.0546875 4614
147913.453125 4620
2656127.75 4620
544796.25 4620
481428.53125 4620
353495.75 4620
368926.75 4626
21313196 4626
2114321.25 4626
246434.3125 4626
168158.53125 4626
294612.59375 4632
79682184 4632
243649.984375 4632
851626.6875 4638
49826.29296875 4632
221965.671875 4638
500191.65625 4638
211574.015625 4638
137207.484375 4638
174821.921875 4638
209953.765625 4644
5173189 4644
1983298.25 4644
272911.75 4644
120165.3203125 4644
209136.828125 4650
12014523 4650
517918.84375 4650
517687.8125 4650
124673.421875 4650
295326.375 4656
431369.1875 4656
417675.65625 4656
397634 4656
350550.1875 4662
245615.609375 4662
44657100 4662
168177.046875 4662
100660.5546875 4662
105223.984375 4662
166360 4668
1002969.1875 4668
650190.6875 4668
377690.53125 4668
119207.0703125 4668
88188.1484375 4674
8954251 4674
511687.84375 4674
206590.21875 4674
79441.9375 4674
91757.265625 4680
256534.140625 4680
183569.796875 4680
81511.9453125 4680
68257.7265625 4680
106615.703125 4686
446322.1875 4686
126427.5390625 4686
24965.80859375 4686
100772.0234375 4686
69712.7890625 4692
75025.9921875 4692
70682.125 4692
67469.7109375 4698
67408.6875 4698
65778.4765625 4698
634013.375 4698
456410.65625 4698
213325.578125 4698
218541.3125 4698
108371.96875 4704
2560454.75 4704
14343461 4704
1763208.625 4704
322130.625 4704
112082.671875 4710
270541.90625 4710
101801.15625 4710
88384.8046875 4710
112737.671875 4716
74348.046875 4716
1015267.5625 4716
481063.65625 4716
178007.796875 4722
70019.7109375 4716
143313.71875 4722
185533.078125 4722
74432.71875 4722
68335 4722
16725.322265625 4722
70395.6328125 4728
236069.546875 4728
166727.453125 4728
52783.17578125 4728
25690.494140625 4728
408553.03125 4734
497450.625 4734
270598.625 4734
222292.65625 4734
95696.6796875 4734
121123.2890625 4740
8280452 4740
1056844.875 4740
394473.4375 4740
139826.09375 4740
100135.6484375 4746
1114873.25 4746
411584.375 4746
316873.59375 4746
219738.890625 4746
102500.6015625 4752
350840.6875 4752
183200.0625 4752
176883.078125 4752
74103.2734375 4752
75048.2421875 4758
174629.875 4758
68497.8046875 4758
64399.5078125 4758
58587.1328125 4758
70221.0625 4764
1097334.75 4764
349735.75 4764
49600.5078125 4764
43464.71875 4764
59313.91015625 4770
1493646.625 4770
134251.046875 4770
58836.06640625 4770
90539.5859375 4770
76457.390625 4776
1001302.0625 4776
474053.90625 4776
264963.03125 4776
355005.15625 4776
84861.0546875 4782
323280.34375 4782
212815.78125 4782
68130.4140625 4782
78576.1484375 4782
133015.234375 4788
124941.09375 4788
104048.7421875 4788
70130.203125 4788
89144.3125 4788
92866.734375 4794
3312833.5 4794
91241.109375 4794
74082.453125 4794
80725.15625 4794
91334.3125 4800
9292906 4800
609068.125 4800
338737.875 4800
242570.09375 4806
171769.34375 4806
1276367 4806
1168020.75 4806
468934.28125 4806
217228.265625 4806
230301.8125 4812
16503202 4812
175532.75 4812
132429.90625 4812
65453.27734375 4812
177208.9375 4818
191441.796875 4818
158890.796875 4818
193606.578125 4824
151592.828125 4824
145345.15625 4824
1460040.5 4824
118967.7890625 4824
1223190.125 4824
21477.09765625 4824
103258.5859375 4830
40461600 4830
121869.328125 4830
86611.6796875 4830
76740.546875 4830
135385.265625 4836
2065361.625 4836
488953 4836
351858.59375 4836
316710.40625 4836
119688.390625 4842
15600012 4842
308386.6875 4842
131264.65625 4842
114536.125 4842
87230.203125 4848
222240.5625 4848
215814.453125 4848
147597.015625 4848
107781.15625 4848
146833.9375 4854
154456.234375 4854
129773.8359375 4854
46324.64453125 4854
27265.107421875 4854
54840.9140625 4860
10898764 4860
955673.875 4860
48469.5234375 4860
123183.5546875 4860
70649.078125 4866
632419.0625 4866
216416.265625 4866
78318.9375 4866
68368.1953125 4866
63108.56640625 4872
11430796 4872
388123.59375 4872
357883.5 4872
148748.15625 4872
93181.1015625 4878
178059.65625 4878
78210.1328125 4878
48111.83203125 4878
88106.640625 4884
73416.984375 4884
1077447.125 4884
461580.59375 4884
458245.1875 4884
64136.39453125 4884
97626.0625 4890
263372.375 4890
230288.46875 4890
90247.28125 4890
63922.15625 4890
47555.80078125 4896
593841.375 4896
154842.90625 4896
104262.3046875 4896
51030.8828125 4896
64418.96875 4902
13673298 4902
59265.0390625 4902
53275.78515625 4902
47744.96484375 4902
64534.3671875 4908
370403.0625 4908
357507.5625 4908
53878.82421875 4908
78771.4140625 4914
68345.96875 4914
479603.53125 4914
5669843 4914
50466.9921875 4914
114710.34375 4914
64218.22265625 4920
404393.875 4920
352881.5 4920
57690.01171875 4920
63283.30078125 4920
94926.75 4926
662544.5 4926
331792.125 4926
44316.43359375 4926
70936.40625 4932
68120.6171875 4932
15709989 4932
103228.5078125 4932
65694.0390625 4932
57378.6015625 4932
84798.84375 4938
426317.75 4938
64724.41015625 4938
18678.583984375 4938
61389.75390625 4938
67878.3046875 4944
402036.625 4944
127160.96875 4944
62536.12890625 4944
44125.1875 4944
60242.578125 4950
4594107.5 4950
299899.40625 4950
54577.390625 4950
51443.609375 4950
25473.169921875 4956
1191637.375 4956
205640.125 4956
103400.2109375 4956
72039.6484375 4956
66037.5703125 4962
17277656 4962
625689.75 4962
182142.9375 4962
63237.42578125 4962
89358.8828125 4968
801732.625 4968
125864.96875 4968
118092.6640625 4968
22504.27734375 4968
60772.5 4974
214065.546875 4974
178321.921875 4974
50143.96875 4974
87653.5703125 4974
73500.78125 4980
5417833.5 4980
63014.5703125 4980
39360.1875 4980
38457.85546875 4980
69866.125 4986
330999.9375 4986
58759.40234375 4986
133390 4992
54293.1015625 4986
91743.859375 4992
19518098 4992
88851.2421875 4992
67878.2734375 4998
55523.984375 4992
36958.30859375 4998
17827234 4998
165395.640625 4998
145067.765625 4998
34374.5078125 4998
63383.65625 5004
171380.796875 5004
67030.1328125 5004
64113.01953125 5010
58322.55078125 5004
51519.34765625 5010
6798261 5010
54090.94140625 5010
22869.703125 5010
58622.55859375 5016
57915.0078125 5016
351175.09375 5016
90835.0234375 5016
47738.4140625 5016
73494.7265625 5022
60561.31640625 5022
5760426 5022
51000.44140625 5022
50582.21484375 5022
42699.8984375 5022
231202.671875 5028
3920477.75 5028
95969.71875 5028
85072.5234375 5028
59601.50390625 5028
52196.11328125 5034
145202.6875 5034
50258.74609375 5034
31068.2578125 5034
15229.5517578125 5034
70808.3046875 5040
6149748.5 5040
62863.29296875 5040
47859.15625 5040
14768.1806640625 5040
63877.6015625 5046
240256.625 5046
189028.203125 5046
175774.015625 5052
16150.1708984375 5046
55638.85546875 5052
238416.25 5052
31807.7265625 5052
29734.611328125 5052
19203.130859375 5052
27718.056640625 5058
2525879.25 5058
559241.8125 5058
187251.265625 5058
88587.9765625 5064
51470.63671875 5064
431134.625 5064
108011.03125 5064
107705.8125 5064
44520.0625 5064
82710.1171875 5070
5291017.5 5070
55868.1953125 5070
68732 5076
46919.24609375 5070
42941.37890625 5076
41956.0078125 5076
40924.4375 5076
51829.3046875 5082
21057.013671875 5076
43298.328125 5082
313670.4375 5082
57547.9765625 5082
59283.3125 5088
13457.6142578125 5082
37052.3203125 5088
1619125 5088
45135.18359375 5088
53883.30859375 5094
14763.4755859375 5088
36290.11328125 5094
875084.4375 5094
431531 5094
411063.09375 5094
124430.40625 5094
81187.453125 5100
97724.28125 5100
3470943.25 5100
80948.2890625 5100
47237.37890625 5100
19276.837890625 5106
44438.37890625 5106
37906.5859375 5106
15562.9453125 5106
14784.5263671875 5106
18258.08203125 5112
376703.21875 5112
297537.28125 5112
116976.3671875 5112
249819.921875 5112
141379.3125 5118
1024754.4375 5118
888037.75 5118
29299.474609375 5118
46443.65234375 5118
38801.26171875 5124
2476936 5124
55157.33984375 5124
69596.109375 5124
38244.4140625 5124
31068.560546875 5130
132695.796875 5130
95948.8515625 5130
85839.8203125 5130
20849.8125 5130
41312.40625 5136
2548938.75 5136
40612.8828125 5136
44092.109375 5142
18810.4375 5136
338096.3125 5142
13252.732421875 5142
17810.220703125 5142
14946.8779296875 5142
12370.708984375 5142
155116.671875 5147
106126.7109375 5147
17373.580078125 5147
13710.1826171875 5147
34932.734375 5153
2291241.25 5153
244881.453125 5153
72542.4140625 5153
55848.14453125 5159
79417.40625 5159
442080.21875 5159
34746.24609375 5159
33785.22265625 5159
12381.669921875 5159
2958006.75 5165
188324.453125 5165
11940.25 5165
27916.408203125 5170
321432.25 5170
140166.828125 5170
87874.8671875 5170
1201686.75 5170
1100477.75 5170
137447.1875 5175
115674.109375 5175
109063.03125 5175
51406.71484375 5175
50638.21484375 5181
1078963.75 5181
111861.625 5181
106093.4765625 5181
28738.236328125 5181
80660.6328125 5187
721651.3125 5187
184295.390625 5187
119818.4296875 5187
74383.7734375 5187
58912.8515625 5193
3775138 5193
222558.234375 5193
55304.609375 5193
58908.5390625 5193
53336.57421875 5199
617146.9375 5199
302916.53125 5199
13107.7646484375 5199
48263.6640625 5199
55848.90625 5205
1211001 5205
1098227.75 5205
870178.625 5205
53183.87109375 5205
69216.390625 5211
107090.8359375 5211
62273.578125 5211
40584.72265625 5211
45610.8359375 5211
50029.79296875 5217
4186205.5 5217
1278746.75 5217
48834.6015625 5217
34518.9296875 5217
38285.7265625 5223
3746008.25 5223
154672.5 5223
83051.875 5223
36482.65625 5223
66204.2265625 5229
410247.40625 5229
387962.28125 5229
79552.765625 5235
62292.4296875 5229
46095.41796875 5235
1186418.375 5235
1041401.5 5235
16942.265625 5235
48366.03125 5235
57750.84375 5241
591394.625 5241
563440.9375 5241
139201.5625 5241
73714.1015625 5241
48037.39453125 5247
87256.6328125 5247
46548.29296875 5247
18127.744140625 5247
25770.99609375 5247
142711.578125 5253
2755550.75 5253
39990.53125 5253
15898.74609375 5253
20965.150390625 5253
35511.6640625 5259
521211.875 5259
139446.34375 5259
23687.314453125 5259
18501.873046875 5259
37592.70703125 5265
1053029.75 5265
881675.75 5265
101734.8203125 5265
91844.375 5265
81829.2890625 5271
1547370 5271
1449946 5271
349062.59375 5271
21819.69140625 5271
63821.5703125 5277
229982.015625 5277
119174.2890625 5277
100500.359375 5277
25893.568359375 5277
48634.69921875 5283
442850.46875 5283
137858.328125 5283
18441.5546875 5283
17702.30859375 5283
54132.859375 5289
1179226.125 5289
132292.71875 5289
119227.625 5289
51427.078125 5289
52334.125 5295
1214276.125 5295
194658.765625 5295
65469.14453125 5301
65370.57421875 5295
112233.921875 5301
1074705.625 5301
652228.875 5301
65867.421875 5301
42312.34765625 5301
49277.0703125 5307
771358.4375 5307
306742.65625 5307
262224.0625 5307
69250.5703125 5307
46086.25 5313
404576.625 5313
158380.609375 5313
44572.0078125 5313
19254.72265625 5313
36106.56640625 5319
422508.40625 5319
104645.390625 5319
52941.7265625 5319
78798.8671875 5319
65620.4609375 5325
1456661.375 5325
160693.03125 5325
63325.93359375 5331
66717.3515625 5325
38271.046875 5331
184470.0625 5331
20340.6875 5331
18434.537109375 5331
42260.4765625 5337
176834.515625 5337
73833.7734375 5337
17099.826171875 5337
241069.015625 5337
180637.4375 5342
37080.28125 5342
36763.91015625 5342
317454.03125 5342
79424.125 5346
20454.73828125 5346
15898.111328125 5346
62187.5703125 5346
89367.546875 5351
88740.53125 5351
75957.4765625 5351
58893.53515625 5357
45984.875 5357
60359.38671875 5357
58277.69921875 5357
58445.03515625 5363
19928.068359375 5357
57817.015625 5363
124520.2734375 5363
74605.625 5363
41966.8125 5363
46741.0390625 5363
80711.15625 5369
63944.140625 5369
56042.01171875 5369
44879.984375 5369
53550.37109375 5369
60730.07421875 5375
276480.59375 5375
101256.3984375 5375
56711.57421875 5381
47057.85546875 5375
46625.3671875 5381
112450.546875 5381
128046.828125 5381
100184.7734375 5381
69893.875 5381
74821.3125 5387
311137.0625 5387
126712.6875 5387
50809.34375 5387
21317.1640625 5387
53092.55859375 5393
78181.4375 5393
61288.58203125 5393
51382.484375 5393
26749.302734375 5393
65401.57421875 5399
61022.5546875 5399
53680.33984375 5399
23005.703125 5399
19115.58984375 5399
508174.0625 5405
270287.75 5405
186802 5405
82098.515625 5405
16665.3125 5405
55575.3984375 5411
54269.51171875 5411
1786958.5 5411
34648.109375 5411
22886.0078125 5411
46311.51171875 5417
217592.125 5417
126885.96875 5417
24050.69140625 5417
44634.703125 5417
51999.44921875 5423
97714.3046875 5423
46189.7734375 5423
40826.0234375 5423
21309.75390625 5423
36738.58203125 5429
307026.28125 5429
146913.734375 5429
141033.71875 5429
24765.01171875 5429
41505.28125 5435
439962.125 5435
334776.9375 5435
180751.125 5435
85369.828125 5435
114906.0703125 5441
188564.359375 5441
110869.890625 5441
53751.91015625 5441
47962.7578125 5441
50122.53125 5447
151607.703125 5447
70453.1875 5447
43247.5859375 5447
67535.40625 5447
63282.9296875 5453
126477.90625 5453
317534.34375 5453
61406.10546875 5453
57513.23046875 5453
57667.03515625 5459
221424.03125 5459
185674.21875 5459
77337.3671875 5459
16358.3369140625 5459
84264.2578125 5465
492234.4375 5465
88104.625 5465
51988.76171875 5465
76828.1875 5465
109024.796875 5471
650319.3125 5471
131535.171875 5471
122498.3671875 5471
82399.15625 5471
115948.96875 5477
884352.875 5477
153696.109375 5477
136476.359375 5477
57946.95703125 5477
83532.1171875 5483
486568.34375 5483
280513.125 5483
67471.8828125 5483
239153.734375 5483
76827.78125 5489
1014029.3125 5489
198754.40625 5489
60888.08203125 5489
167997.34375 5489
123101.1328125 5495
467062.625 5495
129917.3359375 5495
72953.578125 5495
64563.375 5495
77928.21875 5501
577551.0625 5501
272267 5501
128103.765625 5501
25337.37890625 5501
91805.265625 5507
669388.125 5507
359681.6875 5507
142643.75 5507
78921.7578125 5507
74853.3203125 5513
549194.0625 5513
438911.78125 5513
400953.03125 5513
256191.21875 5513
184296.4375 5519
273314.46875 5519
258215.828125 5519
156984.796875 5519
49551.12890625 5519
108417.3359375 5525
465595.65625 5525
263416.875 5525
65091.609375 5525
64702.17578125 5525
146668.96875 5531
586856.25 5531
133269.25 5531
115799.5 5531
94566.4609375 5531
219789.40625 5537
602571.0625 5537
686531.6875 5537
197186.484375 5537
123527.1015625 5537
163726.875 5543
843634.5625 5543
500578.46875 5543
136906.15625 5543
60240.625 5543
179387.8125 5549
389289.5625 5549
304271.71875 5549
147079.78125 5549
163968.84375 5549
153650.328125 5555
350675.28125 5555
279742.3125 5555
144711.75 5555
140345.484375 5555
112590.984375 5561
567164.1875 5561
233989.625 5561
86746.515625 5561
90864.6484375 5561
117496.125 5567
965631.5 5567
700444.3125 5567
76067.890625 5567
242026.421875 5567
181105.6875 5573
508054.5 5573
156201.140625 5573
137461.359375 5573
96523.7265625 5573
167407.578125 5579
531255.625 5579
529194.9375 5579
313089.65625 5579
131377.234375 5579
261466.3125 5585
2468897.5 5585
292441.625 5585
184468.75 5585
163410.265625 5585
261216.671875 5591
746360.9375 5591
765926.5 5591
252665.984375 5591
168240.28125 5591
236906.1875 5597
1163124.5 5597
944449.25 5597
284412.59375 5597
154557.078125 5597
193669.84375 5603
982393.5625 5603
708051.75 5603
425805.96875 5603
383439.90625 5603
296900.15625 5609
561291.125 5609
412026.1875 5609
312394.40625 5609
180382.34375 5609
272668.84375 5615
1158547 5615
1059482.125 5615
610762.8125 5615
197150.3125 5615
239914.625 5621
688972 5621
682506.125 5621
280103.4375 5621
234950.015625 5621
189531.125 5627
1285609.25 5627
190386.3125 5627
40917.23046875 5627
179343.984375 5627
151628.78125 5633
1341541.375 5633
431908.125 5633
138526.640625 5633
70551.03125 5633
261106.921875 5639
3359732.75 5639
497399 5639
425034.21875 5639
194788.5 5639
358810.25 5645
7434289.5 5645
2349145.5 5645
1546927 5645
314101.6875 5645
509926.4375 5651
3987017 5651
977108.3125 5651
435073.40625 5651
492784.875 5651
478975.75 5657
2418346 5657
1660667 5657
264959.40625 5657
391301.1875 5657
375417.09375 5663
1953757.75 5663
1240968.5 5663
883813.3125 5663
312693.6875 5663
436909.46875 5669
1732760.375 5669
494987.28125 5669
407737.34375 5669
182189.734375 5669
294757.90625 5675
2143245 5675
1424114.5 5675
173130.765625 5675
259747.75 5675
260766.9375 5681
7065030 5681
2389591.25 5681
214763.265625 5681
480815.6875 5681
379473.1875 5687
1991731.125 5687
851730.625 5687
536330 5687
297100.34375 5687
501430.375 5693
906859.125 5693
744414.3125 5693
420782.03125 5693
344481.71875 5693
307609.125 5699
883118.625 5699
464937.875 5699
268438.5625 5699
392350.1875 5699
291445.59375 5705
1699289.75 5705
280161.71875 5705
180469.921875 5705
232880.953125 5705
301054.71875 5711
3327710 5711
2075286.25 5711
198309.34375 5711
610184.3125 5711
275151.65625 5717
1015894.0625 5717
256244.46875 5717
246111.125 5717
135408.125 5717
280888.71875 5723
1247408.25 5723
861119.5625 5723
446249.03125 5723
508218.25 5723
263632.71875 5729
1205862.875 5729
521489.40625 5729
62912.77734375 5729
155349.765625 5729
200728.359375 5735
3087973 5735
448237 5735
182464.015625 5735
61254.140625 5735
177385.78125 5741
336651.5 5741
246507.796875 5741
112645.2578125 5741
69935.7265625 5741
244931.40625 5747
6780260.5 5747
750726 5747
629655.1875 5747
168420.15625 5747
317059.65625 5753
4153927.5 5753
2005715.5 5753
842071.3125 5753
260174.109375 5753
375078.46875 5759
325865.84375 5759
280480.8125 5759
249503.34375 5759
254058.140625 5759
235043.328125 5765
729141.625 5765
242682.875 5765
219881.078125 5765
198883.578125 5765
232250.78125 5771
233735.828125 5771
183054.125 5771
135107.125 5771
125139.2109375 5771
152092.6875 5777
1640654.5 5777
495113.84375 5777
127390.53125 5777
198724.921875 5783
153466.46875 5783
1770448 5783
683715.125 5783
445888.09375 5783
278012.34375 5783
282261.0625 5789
595827.3125 5789
185313.421875 5789
136362.078125 5789
77479.046875 5789
192158.53125 5795
498061.3125 5795
684739.5625 5795
165014.640625 5795
86139.984375 5795
154843.828125 5801
153304.171875 5801
141819.65625 5801
126556.8515625 5801
53459.24609375 5801
166807.015625 5807
194229.5625 5807
158739.109375 5807
77908.1484375 5807
74165.203125 5807
15686737 5813
1166565.375 5813
455151.15625 5813
217279.625 5813
1423292 5813
2118328 5819
1475139.125 5819
277030.09375 5819
290493.5 5819
85094.28125 5819
276243 5825
281540.75 5825
207020.84375 5825
137896.65625 5825
283753.34375 5831
270829.65625 5831
376015.875 5831
205387.15625 5831
87330.015625 5831
81919.9296875 5831
197999.46875 5837
437127.625 5837
362287.875 5837
156143.109375 5837
85100.75 5837
222808.8125 5843
8611710 5843
615852.4375 5843
213246.453125 5843
164893.78125 5843
239920.96875 5849
1758943.625 5849
885147.625 5849
637529.6875 5849
510223.21875 5849
393198.1875 5855
369777.28125 5855
248306.21875 5855
242969.421875 5855
93122 5855
218505.71875 5861
415538.1875 5861
196754.71875 5861
365087.53125 5867
85903.984375 5861
205061.765625 5867
2781682 5867
444030.3125 5867
421089.65625 5867
344339.65625 5867
353141.34375 5873
76227968 5873
7074454.5 5873
207138.90625 5873
353422.03125 5873
297664.78125 5879
756312.6875 5879
705991.375 5879
507606.53125 5879
81767.6015625 5879
267516.65625 5885
11057351 5885
878858.625 5885
817068.5625 5885
84800.6015625 5885
452336.78125 5891
431872.46875 5891
325280.46875 5891
200014.96875 5891
212839.71875 5891
353499.5 5897
812590.9375 5897
730199.75 5897
374868.34375 5897
597191.25 5897
1173948.25 5903
840556.625 5903
837709.0625 5903
282611.21875 5903
4325278 5903
596543.5 5909
5549796 5909
933887.375 5909
521566.1875 5909
602987.4375 5909
576273.6875 5915
6036184 5915
480113.15625 5915
296244.03125 5915
318213.28125 5915
391470.03125 5921
7082112.5 5921
1653143 5921
318208.59375 5921
647007.4375 5921
614481.3125 5927
597694.5 5927
553866.25 5927
543586.3125 5927
394048.78125 5927
546879.0625 5933
5288994.5 5933
686173.6875 5933
289599.0625 5933
385189.125 5933
668855 5939
5043603.5 5939
1149627.125 5939
552068.125 5939
629824.125 5939
766341.3125 5945
50058548 5945
3646930.25 5945
2169021.75 5945
928279 5945
512029.21875 5951
1863652.875 5951
656800.5 5951
450040.625 5951
497834.15625 5951
526521.75 5957
856156 5957
778302.0625 5957
388594.15625 5957
607801.9375 5957
477707.125 5963
2547960.25 5963
2436661 5963
893413.25 5963
287515.4375 5963
629540.1875 5969
5109353.5 5969
770471.625 5969
498366.5625 5969
587107.5625 5969
661102.875 5975
39960728 5975
819917.0625 5975
594210.625 5975
508651.09375 5975
699400.1875 5981
3124420.25 5981
2976601.25 5981
2562351 5981
1247091.5 5981
1227007.25 5987
4242349.5 5987
864713 5987
554081.4375 5987
13483212 5987
611937.8125 5993
1759064.625 5993
785269.25 5993
558069.625 5993
312445.84375 5993
634483.625 5999
6092499 5999
705800.6875 5999
95750.78125 5999
592700.3125 5999
545745.9375 6005
14357151 6005
3937467.75 6005
1391042.5 6005
199609.296875 6005
723245.6875 6011
22252534 6011
3225683.75 6011
3223610.75 6011
1556876.125 6011
1167592 6017
53680712 6017
11272683 6017
3736187.75 6017
3590261.75 6017
2011423.375 6023
10990353 6023
1876605 6023
1006353.8125 6023
860456.125 6023
898255.5625 6029
5535741 6029
4030016 6029
1900625.75 6029
744549 6029
817243.5625 6035
808680.25 6035
783727.4375 6035
378556.46875 6035
571199.25 6035
536713.625 6041
4351177.5 6041
4226088 6041
1816547.75 6041
766076.9375 6041
648816 6047
28109270 6047
3916384 6047
871854.5 6047
552121.375 6047
612921.875 6053
3656431.5 6053
2782086 6053
2080547.75 6053
1248848.875 6053
1456638.125 6059
11642747 6059
5962811.5 6059
5328990.5 6059
333459.84375 6059
648850.8125 6065
6125056 6065
1953760.375 6065
417744.21875 6065
522687.15625 6065
723283.625 6071
46241480 6071
13350255 6071
232851.828125 6071
458550.53125 6071
2394058.25 6077
10180340 6077
2935939.75 6077
915370.125 6077
963081.5 6077
674225.875 6083
5105539.5 6083
4708721.5 6083
1000018 6083
578959.375 6083
811128.0625 6089
57875200 6089
6179927 6089
2656152.25 6089
2307636.75 6089
697864.0625 6095
22336816 6095
1681335.25 6095
1660412 6095
1475486.625 6095
809355.1875 6101
1285950.25 6101
7178569.5 6101
875824.3125 6101
729955.6875 6101
758219.625 6107
9949479 6107
2567631 6107
2553046 6107
633003.1875 6107
563723.4375 6113
4913294.5 6113
514682.96875 6113
343584 6113
246713.09375 6113
445155.65625 6119
27310722 6119
1637892 6119
1230150.5 6119
149627.65625 6119
480969.6875 6125
8060800 6125
7701775 6125
1963078.625 6125
1082589.5 6125
423420 6131
989263.625 6131
806937.9375 6131
1487423.375 6131
753485.8125 6131
657285.3125 6137
63237292 6137
4950489 6137
631670.3125 6137
580973.125 6137
557884.875 6143
2805313.25 6143
2364275 6143
2333987.25 6143
443364.8125 6143
663672.4375 6149
431331.4375 6149
412902.625 6149
325966.21875 6149
140715.625 6149
400101.1875 6155
40320284 6155
930487 6155
325387.96875 6155
687319.625 6155
839837.3125 6161
565583 6161
420872.71875 6161
373759.34375 6161
359576.90625 6161
945816.1875 6167
2317044 6167
555294.875 6167
551053.9375 6167
841197.0625 6167
413399.15625 6173
9340383 6173
504646.5625 6173
544648.9375 6173
293302.59375 6173
421228.46875 6179
2524632.75 6179
743857.25 6179
264618.1875 6179
290769.5 6179
366534.28125 6185
16942794 6185
431018.6875 6185
137108.03125 6185
321328.34375 6185
311624.8125 6191
1736543.5 6191
1222184.25 6191
1148633.875 6191
440944.40625 6191
495733.34375 6197
655471.1875 6197
570031.9375 6197
560010.8125 6197
235631.984375 6197
343800.71875 6203
6747436.5 6203
1622361.375 6203
408705.71875 6203
224287.890625 6203
304107.9375 6209
2774122.5 6209
1331098.125 6209
274098.59375 6209
102440.578125 6209
200444.125 6215
575283.875 6215
456608.1875 6215
58238.48828125 6215
213169.609375 6215
191633.796875 6221
1299192.75 6221
374676.71875 6221
95408.765625 6221
100883.59375 6221
223226.34375 6227
1750314.25 6227
1043062.1875 6227
386086.96875 6227
109771.15625 6227
326037.28125 6233
3668632.25 6233
1042979.125 6233
368054.4375 6233
266471.75 6239
245160.375 6239
2469283.25 6239
1218499.25 6239
950944.5625 6239
368913.125 6239
240401.234375 6245
16496225 6245
5188055 6245
393364.21875 6245
240668.578125 6251
202228.625 6251
185011.53125 6251
123193.8984375 6251
93235.140625 6251
1331134.25 6251
250524.15625 6257
4283838 6257
304836.375 6257
96154.3515625 6257
58166.38671875 6257
172468.84375 6263
3209347.75 6263
2007495.75 6263
526725.875 6263
585587.5625 6263
404474.03125 6269
2915745 6269
1149810.75 6269
356141 6269
186404.984375 6269
242134.984375 6275
6128201 6275
5118154.5 6275
1333653 6275
181868.40625 6275
434947.03125 6281
1680646 6281
417009.90625 6281
104497.2109375 6281
168229.015625 6281
107677.1953125 6287
2349238.25 6287
1169206 6287
880511.375 6287
392972.71875 6287
299773.1875 6293
374432.75 6293
247891.359375 6293
238136.59375 6293
149379.4375 6293
230784.34375 6299
1120619.875 6299
706825.25 6299
440153.65625 6299
340387.1875 6299
252005.453125 6305
6684972.5 6305
303454.59375 6305
112518.75 6305
264821.28125 6311
199072.53125 6311
2467768.75 6311
1035752.75 6311
286058.28125 6311
190176.96875 6311
241271.5 6317
186060.625 6317
271197.3125 6317
107859.734375 6317
64614.875 6317
190540.234375 6323
1403228 6323
1030778.1875 6323
660786.6875 6323
618741.6875 6323
162493.859375 6329
5258472.5 6329
406662.4375 6329
172915.125 6329
214307.15625 6329
156702.421875 6335
6437966 6335
714448.0625 6335
270844.0625 6335
757657.3125 6335
249868.375 6341
1388376.375 6341
856698.375 6341
2555420.5 6341
463702.21875 6341
373015.09375 6347
392274.5625 6347
377014.84375 6347
262179.875 6353
215633.171875 6347
213713.890625 6353
1223074.375 6353
673838.3125 6353
318482.5 6353
202484.6875 6353
225327.75 6359
8038778 6359
752174.1875 6359
679872.9375 6359
187572.109375 6359
222642.4375 6365
5849717 6365
262151.78125 6365
254144.5625 6371
190236.6875 6365
212407.59375 6371
2739301.75 6371
1436188.5 6371
376167.15625 6371
191801.5625 6371
1383111.5 6377
2844108.75 6377
782176.375 6377
688408.5 6377
469571.71875 6377
376876.4375 6383
1261972.25 6383
272949.90625 6383
1295993.5 6383
68671.453125 6383
230338.390625 6389
11461413 6389
971008.625 6389
182752.03125 6389
210794.578125 6389
213927.34375 6395
6282603 6395
441960.6875 6395
318023.03125 6395
101209.4296875 6395
255587.265625 6401
3895481.75 6401
1289197.75 6401
545536.625 6401
207513.125 6401
273291.03125 6407
2677834 6407
1807458.25 6407
816606.3125 6407
543417.8125 6407
179690.40625 6413
1815135.25 6413
700510.125 6413
543408.5625 6413
279349.09375 6413
318805.5625 6419
13866446 6419
1758494.25 6419
314858.0625 6419
279467.28125 6419
178454.515625 6425
541627.25 6425
206355.25 6425
246753.65625 6431
218791.671875 6431
179272.15625 6431
11976325 6431
1200774.625 6431
963305.6875 6431
600057.0625 6431
308622.375 6437
2551863.75 6437
211622.921875 6437
171269.78125 6437
89836.3359375 6437
227000.1875 6443
1353278.5 6443
159607.890625 6443
571943.25 6449
99300.1875 6443
218538.859375 6449
12290809 6449
314959.71875 6449
205825.421875 6449
196654.140625 6449
101797.734375 6455
1406519.875 6455
240228.40625 6455
539394 6461
234108.546875 6461
100504.09375 6461
10393116 6461
507920.09375 6461
83791.9921875 6467
80185.546875 6467
61416.66015625 6467
986577.125 6467
275856.59375 6467
89230.5546875 6467
69556.9296875 6473
68754.0703125 6473
2240445.25 6473
242439.890625 6473
256187.21875 6479
62680.78515625 6473
72072.3984375 6479
403351.34375 6479
396908.375 6479
95298.390625 6485
81109.171875 6485
67195.6796875 6485
1235468 6485
238139.078125 6485
171103.65625 6491
141920.90625 6491
97265.1015625 6491
4622783.5 6491
79078.40625 6491
86112.9609375 6497
54447.35546875 6497
44379.6171875 6497
597500.6875 6497
54128.34375 6497
148577.921875 6503
79437.890625 6503
65682.7421875 6503
1980736.5 6503
148318.8125 6503
241507.734375 6503
82441.796875 6509
77500.84375 6512
1958798.625 6509
352226.8125 6509
107053.5 6512
74194.1484375 6516
72517.8359375 6516
1136819.5 6516
236915.65625 6516
65882.796875 6516
57072.00390625 6522
46580.3359375 6522
461419.53125 6522
66352.90625 6528
60173.125 6528
668644.75 6528
332778.375 6528
681925.625 6532
264557.21875 6528
80042.7109375 6532
79090.8125 6532
84495.2109375 6538
77386.6484375 6538
76451.1484375 6538
46241.27734375 6538
1391669.75 6538
537832.4375 6538
69250.265625 6539
70695.3671875 6545
881794.125 6545
335830.5 6545
232290.140625 6545
148518.546875 6549
382704.40625 6549
1806047.75 6549
57574.48046875 6549
259946.09375 6549
60735.10546875 6555
1003677.375 6555
670757.8125 6555
451396.5 6555
104746.8203125 6555
214104.171875 6561
558021.375 6561
341747.84375 6561
334120.375 6561
91254.328125 6561
2914555.25 6567
2196639.25 6567
710943.0625 6567
405322.8125 6567
307587.3125 6567
568375.1875 6573
1180663.25 6573
546042.125 6573
1015241.9375 6573
775285.75 6573
551729.5625 6579
1288455.75 6579
988464.8125 6579
488766.65625 6579
804052.1875 6579
514808.6875 6585
906483.1875 6585
5007418 6585
1031759.125 6585
216683.4375 6585
262022.515625 6591
410501.125 6591
654647.4375 6591
288895.65625 6591
174507.109375 6591
426531.15625 6597
39328724 6597
7423766.5 6597
3442817.25 6597
3003768.5 6597
962981.875 6603
2956521.5 6603
1664086.125 6603
908610.8125 6603
701605.6875 6603
1444800.875 6609
1419860.875 6609
957725.6875 6609
675699.625 6609
462659.03125 6609
434182.75 6615
629655.5625 6615
395511.03125 6615
343434 6615
394072.28125 6615
528456.375 6621
2280794 6621
473178.84375 6621
332847.5 6621
417102.59375 6621
590178.125 6627
41602324 6627
542286.375 6627
472444.3125 6627
489959.28125 6627
293528.09375 6633
2301843.75 6633
1420857.125 6633
124277.9375 6633
208393.09375 6633
280396.53125 6639
1253556.875 6639
1142297.125 6639
659755.875 6639
800243.75 6639
457024.4375 6645
1098326.125 6645
807953.4375 6645
307904.96875 6645
531928.3125 6645
313999.65625 6651
1718238.875 6651
943528.4375 6651
378699.21875 6651
335587.78125 6651
239967.9375 6657
27429746 6657
528346.375 6657
401157 6657
304173.1875 6657
380610.625 6663
1912084.375 6663
1333544.75 6663
598590.4375 6663
276006.375 6663
282551.59375 6669
1433744 6669
19442954 6669
3636075.75 6669
1056837 6669
281180.90625 6675
839056.3125 6675
509775.96875 6675
408239.0625 6675
277821.5625 6675
316805.5 6681
1546396.125 6681
1241791.875 6681
506953.34375 6681
178514.46875 6681
307500.1875 6687
24622302 6687
427357.34375 6687
360943.75 6687
1190387.125 6687
366362.625 6693
1545873.625 6693
441935.71875 6693
420770.625 6693
188638.203125 6693
258704.03125 6699
15522339 6699
2173562.75 6699
2055006.875 6699
309742.03125 6699
263537.1875 6705
1357947.375 6705
522934.25 6705
326901.9375 6705
203318.046875 6705
201116.015625 6711
1402054.5 6711
733230.75 6711
441310.0625 6711
194066.6875 6711
235297.59375 6717
21883212 6717
476767.59375 6717
398926.9375 6717
244136.328125 6717
1510827.875 6723
1029921.5625 6723
529737.3125 6723
236601.71875 6723
288356.53125 6723
236812.84375 6729
1726190.625 6729
373977.90625 6729
991858.125 6729
146487.5625 6729
166371.328125 6735
1601067.5 6735
940251.5625 6735
437945.5 6735
300220.84375 6735
336589.90625 6741
1173747.75 6741
766992.375 6741
434889.96875 6741
104421.6640625 6741
127674.3125 6747
12710479 6747
1160860 6747
197659.875 6747
330370.6875 6747
165829.140625 6753
651225.9375 6753
452259.25 6753
132276.03125 6753
57020.515625 6753
103775.7578125 6759
382356.875 6759
249353.296875 6759
190417.5 6759
196789.140625 6759
2694221.25 6765
1523617.875 6765
1294512.75 6765
1013299 6765
658971.5 6765
274268.625 6771
613509.375 6771
417492.0625 6771
606813.0625 6771
347221.09375 6771
227775.1875 6777
765494.5625 6777
144360.234375 6777
105166.640625 6777
35204.9140625 6777
58523.8984375 6783
300068.34375 6783
140738.640625 6783
30857.697265625 6783
116963.8046875 6783
53271.5625 6789
253813.65625 6789
130384.6328125 6789
122055.6796875 6789
53265.5390625 6789
59215.3515625 6795
541023.6875 6795
513237.84375 6795
109126.6015625 6795
97014.65625 6795
75486.46875 6801
283433.90625 6801
206787.90625 6801
55187.51953125 6801
42858.84375 6801
36381.59765625 6807
195986.03125 6807
163765.8125 6807
29348.1640625 6807
22301.712890625 6807
102462.8203125 6813
73042.484375 6813
65196.87109375 6813
11495.6181640625 6813
62283.75 6818
40609.22265625 6818
130201.09375 6818
74377.859375 6818
65466.60546875 6823
70872.265625 6823
78728.4453125 6823
39907.25390625 6826
28032.654296875 6826
32667.01171875 6829
115810 6829
43539.859375 6832
28407.005859375 6832
31684.6953125 6836
82172.703125 6845
30552.26953125 6850
101562.1796875 6858
453795.59375 6884
