556516.375 7
501854.59375 7
436105.4375 7
421579.71875 13
355252.875 13
342061.21875 13
313072.0625 13
300155 13
293661.59375 19
59864.85546875 25
49125.7421875 33
59210.94921875 46
28458.29296875 55
58679.0078125 59
8451.53515625 66
54325.578125 72
53468.984375 76
22422.900390625 78
15025.1015625 79
7441.322265625 83
5768.81591796875 92
5207.9521484375 92
4365.43896484375 91
20627.005859375 94
2884.2041015625 92
65065.15625 94
12403.30078125 94
13083.0556640625 95
26818.05859375 96
95882.84375 102
80636.5703125 102
64129.859375 102
24935.3046875 102
36658.4296875 102
127127.4140625 108
9633085 108
109345.6640625 108
34680.8046875 108
68662.5 108
111436.890625 114
85617.2890625 114
144638.15625 114
62418.1953125 114
57435.3515625 114
187195.59375 120
127818.640625 120
122781.953125 120
76715.890625 120
118071.03125 120
322360.59375 126
15424816 126
10840736 126
573010.3125 126
57589.23046875 126
2588154.75 132
9109499 132
8358979.5 132
694492.9375 132
224398.703125 132
3695503.25 138
13823990 138
3439149 138
2926307 138
3334309.5 138
4469542.5 144
4238399 144
4174134.5 144
2403431.75 144
1330928.625 144
3752914 150
16581885 150
12252769 150
1888755.75 150
1099996.25 150
28912546 156
3324979.75 156
3197656.25 156
1072001.125 156
2415187 156
2714870.5 162
20749602 162
3357610 162
2580610.25 162
1641304.625 162
3090269 168
7436222 168
4715332.5 168
3693411.25 174
599843.1875 168
2462151.5 174
13482875 174
2724392.25 174
1603417.25 174
2015874.875 174
2873965 180
15539530 180
11321931 180
1995984.625 180
2364036.5 180
3822436.5 186
68845960 186
8135034.5 186
4068245.25 186
918002.1875 186
9730679 192
8210235.5 192
7043839.5 192
5563123.5 192
6329285.5 192
6794036 198
5592364.5 198
5461748.5 198
5339160.5 198
3721385.5 198
4867132.5 204
4787366 204
4209115 204
3721316.5 204
2870210.75 204
2955199.75 210
29510476 210
3017362.5 210
2431640.25 210
930452.8125 210
3352045.75 216
53046136 216
4156612.5 216
3326735.25 216
3096416.25 216
2971524.5 222
77970480 222
31817856 222
25486144 222
2362955.5 222
8302326.5 228
13572974 228
11407998 228
7532326 228
33994968 228
3938527.75 234
13671335 234
4713716.5 234
3821660.5 234
2921928.75 234
3811287 240
20645190 240
4134881.75 240
2751650 240
3691702 240
3048786.25 246
57346984 246
47162592 246
14953876 246
15624516 246
4661940.5 252
17576492 252
4451405 252
4007499.5 252
2755731.5 252
3189911.25 258
36565624 258
13780414 258
6826067.5 258
9912321 258
2917493 264
9522820 264
7384056 264
6641895 264
2344980.75 264
3001078.25 270
4660101 270
4307568 270
3417610.75 270
2158296 270
1998537.875 276
32586814 276
4278524 276
3762473 276
2693296.25 276
2223125.75 282
8048512.5 282
5790714.5 282
1445357.125 282
1539819.375 282
1600349.125 288
157690368 288
33526300 288
4296812.5 288
4051072.25 288
9095127 294
12584235 294
10368912 294
4792386 294
2095489 294
1607736 300
5202797 300
2044062.125 300
1160007.5 300
859086.4375 300
1228502.875 306
4972706 306
3747408.25 306
2147995.75 306
1887300 306
981760.375 312
3283416.5 312
2542509.75 312
2072685.5 312
920283.9375 312
1058153.25 318
2124226.25 318
1465064.125 318
826373.8125 318
967979.25 318
1147907.125 324
12791501 324
4932517 324
1080838.625 324
2044078.5 324
726018.3125 330
2295546.5 330
2136834.25 330
676053.125 330
659809.5625 330
798285.375 336
21420580 336
1313149 336
763106.625 336
542314.0625 336
1673824.25 342
988926.4375 342
858209.9375 342
570034.9375 342
618928 342
809052.75 348
1779547.5 348
1593693.5 348
699216.125 348
555497.1875 348
616640.75 354
2437483.25 354
1984548.75 354
1219574.125 354
565399.125 354
727693.625 360
1098071.75 360
932263.5 360
625825.5625 360
446247.96875 360
284283.53125 366
4097447.25 366
1876889.625 366
275444.21875 366
272275.3125 366
357056.875 372
2601108.25 372
1339086.625 372
1221966.625 372
1062228.75 372
470405.75 378
4802766 378
3594047.5 378
796098.1875 378
271595.21875 378
462519.59375 384
2583815.25 384
899943.25 384
350894.0625 384
818506.5625 384
515846.90625 390
1617860.25 390
841174.9375 390
586250.3125 390
230887.03125 390
492831.96875 396
3347060.25 396
1811050 396
485069.25 396
185065.078125 396
362306.09375 402
1421674.375 402
1308635.75 402
1031244 402
298776.875 402
339149.5 408
7515234 408
2438408.75 408
2035237.25 408
161612.765625 408
564070.25 414
886957.25 414
701726.375 414
437488.53125 414
262295.3125 414
211543.53125 420
697450.8125 420
328756.125 420
168410.9375 420
208959.3125 420
230668.15625 426
6655482.5 426
1302571.875 426
860285.75 426
631272.6875 426
329179.0625 432
766263.125 432
711355.1875 432
288021.15625 432
136456.125 432
244835.65625 438
58211876 438
937388.25 438
211121.734375 438
222844.859375 438
178181.8125 444
4469131 444
757467.625 444
517842.40625 444
271405.0625 444
229953.421875 450
420009.34375 450
368736.71875 450
161790.140625 450
156362.03125 450
142701.765625 456
6263909.5 456
245564.1875 456
239208.28125 456
119413.3671875 456
146758.796875 462
864519.5 462
641124.625 462
354072.21875 462
97024.703125 462
160913.234375 468
32836966 468
633503.0625 468
472022.03125 468
154437.484375 468
98605.921875 474
1967802.25 474
816770.0625 474
360297.28125 474
63123.171875 474
97252.6484375 480
363142.53125 480
254871.140625 480
215527.140625 480
108941.7578125 480
120861.890625 486
3360594 486
1511472.125 486
252032.953125 486
175985.140625 486
111997.6640625 492
738291.75 492
292910.0625 492
184645.46875 492
110788.328125 492
125803.140625 498
18888742 498
571233.4375 498
334743.1875 498
102563.84375 498
130072.2421875 504
1109388.125 504
1088469.75 504
366298.1875 504
111409.59375 504
101001.546875 510
640926.875 510
294982.5 510
260881.6875 510
100298.78125 510
119883.828125 516
3478140.5 516
117028.796875 516
91158.921875 516
106545.4453125 516
113540.5390625 522
696277.875 522
416936.46875 522
346043 522
87837.4921875 522
106413.3984375 528
19395762 528
235962.34375 528
73785.5703125 528
104398.2890625 528
109807.5 534
1074376.125 534
788727.4375 534
352607.40625 534
93001.2109375 534
118472.3203125 540
1301100.5 540
666523.3125 540
118235.8046875 540
107858.90625 540
162340.15625 546
2777645.75 546
691536.0625 546
336773.71875 546
429923.1875 546
597138.3125 552
1980123.625 552
437673.125 552
399542.875 552
214119.15625 552
317181.3125 558
11214557 558
309868.03125 558
214685.09375 558
248420.828125 558
327190.40625 564
1904628.125 564
475283.53125 564
292612.875 564
41703.33203125 564
373750.5625 570
20246466 570
8040323 570
247082.390625 570
512891.53125 570
392445.46875 576
1179038.125 576
862602.25 576
341791.96875 576
369326.8125 576
401779.3125 582
2351716 582
2024305.625 582
1003996.625 582
667202.1875 582
432726.4375 588
7377369 588
2675730 588
1328063.125 588
939880.8125 588
721065.6875 594
6628495 594
3010257.5 594
1540878.625 594
636238.8125 594
413012.4375 600
850339.125 600
608814.375 600
376761.71875 600
475214.53125 600
352891.4375 606
29519218 606
12186784 606
1212842 606
352668.4375 606
353923.4375 612
898622.25 612
461149.25 612
274494.5 612
221836.15625 612
321571.15625 618
9478286 618
1686589.125 618
1171866.625 618
260160.96875 618
303718.125 624
3170415 624
1231339.5 624
965451.4375 624
722586.4375 624
281845.5625 630
1020157.4375 630
548317.125 630
471447.03125 630
406340.3125 630
236715.890625 636
11141242 636
511859.21875 636
189530.703125 636
180328.59375 636
155007.671875 642
6032401 642
4179392.25 642
1158158 642
530100.875 642
413286.03125 648
7278937 648
786901.125 648
655033.0625 648
142736.015625 648
175087.421875 654
2254299.5 654
1896887.875 654
1790179.75 654
180328.28125 654
182661.15625 660
859960.5 660
661011.25 660
318365.0625 660
174285.4375 660
363025.40625 666
1137179 666
437334.3125 666
205077.65625 666
127977.75 666
189795.578125 672
9962163 672
2155351.5 672
578046 672
135683.21875 672
199243.421875 678
849990 678
578549.25 678
365088.15625 678
129012.0859375 678
171628.4375 684
2659836.75 684
1324774.375 684
302831.3125 684
261613.78125 684
126306.0703125 690
3684879.25 690
1980621.375 690
828692 690
116276.5234375 690
174350.09375 696
871629.8125 696
348551.96875 696
99389.3203125 696
334240.4375 696
196536.1875 702
7694921.5 702
1921549.25 702
1501803.25 702
188875.34375 702
413361.5625 708
390855.6875 708
290911.71875 708
267682.90625 708
204639.6875 708
251674 714
2205728 714
692407.875 714
655147.5625 714
239919.421875 714
282406.03125 720
22895010 720
16006325 720
2709601.25 720
218529.15625 720
247414.15625 726
1337138.125 726
1062794 726
6415702.5 726
238521.578125 726
284645.59375 732
380383.59375 732
250479.5625 732
905036.1875 738
220775.859375 732
517007.0625 738
861765.0625 738
458240.40625 738
215141.015625 738
328409.5 738
357110.84375 744
846205.8125 744
601201 744
1140316.125 750
869865.4375 750
498634.75 750
5331112 750
4333621.5 750
1640286.375 750
319158.21875 750
470032.15625 756
3165405.25 756
2046631.25 756
336931.65625 756
193495.046875 756
401279.21875 762
24940124 762
918847 762
276318.625 762
235224.75 768
222721.953125 768
337065.6875 768
441812.71875 768
211241 768
176882.859375 768
196560.5 774
818471.125 774
407719.0625 774
173204.71875 774
161641.203125 774
157541.90625 780
2490986.75 780
195728.34375 780
152727.46875 780
129505.4609375 780
127656.6484375 786
7656120.5 786
127519.8125 786
116369.921875 786
79524.8125 786
1937692.25 792
8188169 792
2752237.75 792
303688.71875 792
640276.6875 792
226781.375 798
261761.53125 798
260404.390625 798
145032.265625 798
133209.90625 798
121257.4140625 804
624232.5 804
513438.5 804
392107 804
78792.953125 804
122855.4375 810
2130903.25 810
1789896 810
374215.03125 810
208626.421875 810
127094.1015625 816
4801302.5 816
122972.6484375 816
106100.203125 816
102939.8046875 816
87633.8125 822
1989530.5 822
166711.71875 822
84647.828125 822
128148.859375 828
122799.5703125 828
2225106.75 828
2028359.875 828
829916.125 828
266525.65625 828
129192.703125 834
532242.9375 834
109528.9765625 834
218374.828125 840
95640.859375 840
543861.8125 840
1828590.5 840
510353.875 840
472202.03125 840
484506.28125 840
348010.65625 846
358873.40625 846
191426.875 846
164268.5625 846
297414.21875 846
202409.484375 852
1311608.875 852
125652 852
123761.2265625 852
110255.375 852
92244.84375 858
187788.53125 858
91299.703125 858
43432.75390625 858
72558.703125 858
80000.6015625 864
3666627.25 864
1051483.75 864
231507.09375 864
238159.953125 864
78149.859375 870
786635.125 870
682712.125 870
115964.3828125 870
43098.203125 870
59745.203125 876
1351159.375 876
1160064.75 876
558936.5 876
558340.25 876
254939.28125 882
3298465.25 882
323624.625 882
285266.25 882
226388.140625 882
136991.421875 888
314903.78125 888
247446.375 888
167650.84375 888
83452.6015625 888
73438.0078125 894
5091442 894
94441.734375 894
159874.5 900
93229.0078125 894
81100.125 900
2292649.5 900
600857.6875 900
426872.71875 900
178531.453125 900
112321.6484375 906
1387156.5 906
969131.375 906
68877.640625 906
81889.453125 906
72993.953125 912
4918133.5 912
1783757.625 912
928007.3125 912
594497.375 912
114332.4296875 918
484736.1875 918
288561.65625 918
181087.765625 918
133727.09375 918
68075.7265625 924
6594302 924
252547.265625 924
178469.84375 924
159884.109375 930
149273.828125 930
3963135 930
143749.1875 930
115229.5078125 930
100114.828125 930
103275.203125 936
1069395.625 936
728817.625 936
5574065.5 936
529958.75 936
277619.1875 942
10319177 942
1192850.125 942
261017.578125 942
163517.890625 942
99213.4609375 948
2268682 948
1383118 948
640477.4375 948
475673.84375 948
530898.1875 954
8044342.5 954
356439.125 954
197215.859375 954
168006.203125 954
167080 960
3175673.5 960
470479.5 960
170392.078125 960
157649.203125 960
147501.84375 966
885239.625 966
131883.515625 966
129347.0546875 966
94156.765625 966
153613.234375 972
34801744 972
9995176 972
1036368.25 972
552943 972
117386.015625 978
2361452 978
763421.8125 978
282361.78125 978
75809.5703125 978
136948.6875 984
909198.0625 984
654688.1875 984
318118.28125 984
159005.46875 984
158904.703125 990
2086736.875 990
527967.125 990
211372.78125 990
169784.234375 990
186662.125 996
848909.5625 996
327474.09375 996
141626.46875 996
143832.03125 996
163130.1875 1002
39757716 1002
218178.875 1002
144209.09375 1002
86286.8671875 1002
151631.03125 1008
4013507.75 1008
2883971.75 1008
767817 1008
418250.96875 1008
252335.65625 1014
478253.1875 1014
215859.5 1014
177737.171875 1014
113021.6484375 1014
125966.421875 1020
1345372.75 1020
140840.046875 1020
94353.265625 1020
323824.09375 1020
125838.2734375 1026
575527.5625 1026
556225.25 1026
448404.34375 1026
191172.9375 1026
203584.140625 1032
29894348 1032
644782.875 1032
565476 1032
300264.4375 1032
226636.390625 1038
2623831.25 1038
647527.25 1038
388726.8125 1038
150475.890625 1038
369536.15625 1044
4091894 1044
1322577.875 1044
660161.3125 1044
135187.75 1044
405635.90625 1050
4757096 1050
370555.03125 1050
352624.28125 1050
283102.71875 1050
411745.90625 1056
595198.4375 1056
370263.5 1056
277885.21875 1056
366076.34375 1056
412328.6875 1062
20149678 1062
380449.40625 1062
324408.8125 1062
196131.09375 1062
292071.53125 1068
1917593.125 1068
1337043.875 1068
262133.515625 1068
307255.65625 1068
331089.6875 1074
3616123.75 1074
395187.75 1074
247315.953125 1074
290566.59375 1074
339084.4375 1080
16719209 1080
5322380.5 1080
331324.25 1080
651151.9375 1080
384550.0625 1086
2715760.25 1086
1929375.25 1086
1258389.375 1086
739297.25 1086
690060.6875 1092
19436802 1092
4420656.5 1092
563786.4375 1092
600324.875 1092
991706.5 1098
1790999.25 1098
830696.5 1098
233216.71875 1098
275402.0625 1098
505566 1104
1801069.875 1104
1277453.625 1104
486237.0625 1104
315064.8125 1104
887988.5 1110
24262894 1110
457427.875 1110
280045.125 1110
247907.625 1110
640427.6875 1116
12205995 1116
7418591.5 1116
2561300.5 1116
2419415.5 1116
781732.6875 1122
1388212.75 1122
791865 1122
296511.78125 1122
608840.8125 1122
497885.625 1128
13619815 1128
10121185 1128
2748624.75 1128
1223549.5 1128
1037046.0625 1134
4497636.5 1134
2266001.5 1134
1101998 1134
341855.28125 1134
371848.0625 1140
10040716 1140
3948807.75 1140
2579530 1140
925134.5 1140
641570.5 1146
5195922.5 1146
722451.75 1146
348583.21875 1146
1778681.125 1146
474872.25 1152
1733627.375 1152
1642690.125 1152
781234.8125 1152
352818.25 1152
363982.25 1158
10227089 1158
6731556 1158
1048609.625 1158
347549.0625 1158
373932.90625 1164
2576238.25 1164
1942711.25 1164
1476804.625 1164
775901.375 1164
757864.875 1170
719887.875 1170
554563.625 1170
360542 1170
199261.890625 1170
282939.5625 1176
3956345.75 1176
902458.6875 1176
409598.40625 1176
341100.375 1176
361057.9375 1182
2308433.75 1182
1709357.5 1182
343540.5625 1182
772227.0625 1182
469017.25 1188
12205113 1188
844877.3125 1188
696188.25 1188
312905.625 1188
661223.875 1194
37158428 1194
3581823.5 1194
519704.90625 1194
417687.78125 1194
560290.0625 1200
1410782 1200
940976.9375 1200
785874.9375 1200
477463.375 1200
620182.4375 1206
508860.53125 1206
406226.875 1206
190545.53125 1206
359392.90625 1206
329831.5 1212
1691559.5 1212
759833.5 1212
190194.40625 1212
247244.546875 1212
365419.6875 1218
14215626 1218
1217537.25 1218
795527.25 1218
343309.4375 1218
361001.59375 1224
20734952 1224
985492.125 1224
619788.625 1224
503958.4375 1224
345905.78125 1230
1830000.25 1230
1303523.25 1230
263484.03125 1230
458558.625 1230
352095.53125 1236
2205023 1236
1751075.25 1236
755660.6875 1236
577792.4375 1236
456390.875 1242
2695499.25 1242
2152311 1242
653857.9375 1242
330890.59375 1242
434744.09375 1248
10007186 1248
1399894 1248
1077894.125 1248
256242.921875 1248
595546.875 1254
7783212 1254
524081 1254
183534.09375 1254
303048.25 1254
407542.59375 1260
1620907.75 1260
1094890.875 1260
319388.9375 1260
400490.96875 1260
598773.125 1266
58553616 1266
3876276.75 1266
559680.5625 1266
437811.15625 1266
911097.375 1272
2436484.75 1272
1467517.125 1272
850043.6875 1272
851699.8125 1272
925908.4375 1278
7554679.5 1278
931213.25 1278
718720.0625 1278
638163.9375 1278
550966.5 1284
6208885 1284
2868944.5 1284
692545.1875 1284
499611.71875 1284
758018.9375 1290
2706424.5 1290
2469576.25 1290
1051144.375 1290
693819.6875 1290
763760.3125 1296
30258170 1296
1656916.625 1296
316385.4375 1296
485468.25 1296
602335.625 1302
15319201 1302
4097119.75 1302
3387065.5 1302
441473.15625 1302
626254.375 1308
2297210.75 1308
1941764 1308
1276158.25 1308
544885.25 1308
928818.1875 1314
4924577 1314
492873.875 1314
464345.0625 1314
390270.5 1314
436435.09375 1320
3245646 1320
2001893.875 1320
354293.6875 1320
408935.0625 1320
758340.25 1326
11863314 1326
6922192 1326
295403.53125 1326
553119.3125 1326
1158336.625 1332
3573509 1332
994617.9375 1332
648659.4375 1332
988489.3125 1332
1020868.6875 1338
22155710 1338
19901072 1338
1620242.375 1338
865632.4375 1338
1033864.125 1344
4874743 1344
929324.5625 1344
507120.84375 1344
257573.703125 1344
642873.1875 1350
12484913 1350
4855497 1350
2774287.5 1350
2003737.5 1350
832793.8125 1356
13896412 1356
10989008 1356
2720179.75 1356
555749.375 1356
684248.5 1362
5027344 1362
3211801.75 1362
2219996.75 1362
2170022.5 1362
1073530.5 1368
35917064 1368
1641311.375 1368
746364.8125 1368
535954.625 1368
606700.9375 1374
37876220 1374
6615580 1374
2279553.25 1374
999614.25 1374
545814.1875 1380
4168259.75 1380
573497.5625 1380
320029.3125 1380
540043.5 1380
624014.625 1386
7124939 1386
3787574.5 1386
1644163.125 1386
1761960.125 1386
1008312.8125 1392
7535439.5 1392
1238182.875 1392
565396.75 1392
664022 1392
683632.1875 1398
11354035 1398
1930598.625 1398
644233.875 1398
896865.625 1398
679378.5 1404
18004366 1404
649763.4375 1404
623473.0625 1404
375330.875 1404
650439.5 1410
2237322.25 1410
1770338.375 1410
598142.5 1410
517597.5 1410
919383.5 1416
5628460.5 1416
740079.25 1416
673525.375 1416
281467.3125 1416
780725 1422
8582831 1422
2636768.5 1422
402580.1875 1422
595747.125 1422
769058.125 1428
7912973 1428
1564896.625 1428
1274685 1428
627444.9375 1428
1067696.75 1434
1972683.5 1434
1043437.75 1434
471647.625 1434
372008.59375 1434
869765.6875 1440
1807022.25 1440
1695583.75 1440
678213.25 1440
663574.8125 1440
540278.75 1446
4175365 1446
1615095.875 1446
966224.25 1446
411223.90625 1446
657339.4375 1452
1218563.25 1452
900798.125 1452
583837.375 1452
583608.125 1452
434188.6875 1458
2067125.25 1458
1124702.375 1458
587703.125 1458
279182.5625 1458
423044.03125 1464
1227521.875 1464
1201057 1464
291546.03125 1464
1137900.125 1464
571051.1875 1470
988803 1470
780860.8125 1470
241111.921875 1470
411639.0625 1470
512858.5 1476
6012460 1476
496410.46875 1476
492520.84375 1476
306138.21875 1476
551075.375 1482
556128 1482
511410.59375 1482
462583.03125 1482
403156.375 1482
522903.59375 1488
1791174.75 1488
770304.4375 1488
494385.15625 1488
379450.65625 1488
866391.1875 1494
1160594.125 1494
796676.6875 1494
593612.5 1494
392983.6875 1494
530418.4375 1500
10734448 1500
7010053 1500
3027266.5 1500
330610.90625 1500
566419.5625 1506
9302296 1506
2413954.75 1506
424586.8125 1506
258668.890625 1506
484735.8125 1512
692554 1512
477511.34375 1512
343034.28125 1512
469875.90625 1512
434900.71875 1518
4643354.5 1518
3473032 1518
1134743.875 1518
230880.046875 1518
392851.5625 1524
917453.8125 1524
526678.4375 1524
161653.3125 1524
524732.9375 1524
389736.625 1530
3378740.75 1530
697992.3125 1530
236745.734375 1530
289307.15625 1530
481144.78125 1536
5277619.5 1536
1515046.25 1536
811960.625 1536
224678.046875 1536
631591.625 1542
841410.3125 1542
640103.5625 1542
230074.234375 1542
177051.96875 1542
429897.90625 1548
1357220.5 1548
413548.6875 1548
361151.4375 1548
334591.25 1548
788087.5 1554
1080768.25 1554
355301.15625 1554
204660.265625 1554
190441.3125 1554
310964.625 1560
1287792.125 1560
399972.09375 1560
203505.1875 1560
220651.390625 1560
292787.15625 1566
7800834.5 1566
1465917.375 1566
507128.28125 1566
69688.1328125 1566
360017.3125 1572
818918.625 1572
682281.0625 1572
228486.65625 1572
305438.34375 1572
328323.71875 1578
1650903.125 1578
660431.125 1578
242017.09375 1578
551932.25 1578
492983.09375 1584
2095724.875 1584
724951.5 1584
409592.75 1584
245275.703125 1584
549206.3125 1590
2202964.25 1590
481256.9375 1590
433327.625 1590
390067.5625 1590
534953.5625 1596
505599.75 1596
496696.90625 1596
419848.46875 1596
407018.46875 1596
555787.5625 1602
981921.5625 1602
554001.8125 1602
464996.65625 1602
424169.6875 1602
535745.125 1608
1886461 1608
1530135.375 1608
1103121.125 1608
477620.8125 1608
669940.1875 1614
1274652.25 1614
728658.125 1614
586352.5625 1614
528223.3125 1614
493552.5625 1620
1291121.375 1620
466279.15625 1620
438668.625 1620
412149.75 1620
621708.75 1626
1191308.125 1626
1093795.25 1626
482765.71875 1626
392995.21875 1626
528132.125 1632
568269.25 1632
509736.8125 1632
341214.59375 1632
468309.71875 1632
540576.75 1638
18560882 1638
1021902.5 1638
597703.0625 1638
476846.3125 1638
390994.625 1644
2581178.5 1644
1844536.75 1644
1285506.375 1644
709227.5625 1644
612459.5625 1650
3627334.75 1650
1972153.75 1650
557112.5 1650
204296.875 1650
614682.0625 1656
1243903 1656
565555.8125 1656
546266.8125 1656
292103.625 1656
541344.5625 1662
576252.75 1662
454484.09375 1662
396868.625 1662
399797.46875 1662
388443.25 1668
15335916 1668
754103.75 1668
570375.1875 1668
286592.4375 1668
685695.75 1674
1050458.625 1674
490478.40625 1674
258615.921875 1674
343223.1875 1674
443275.375 1680
1354693.875 1680
1050102.5 1680
982251.8125 1680
306649.0625 1680
486512.15625 1686
769409.1875 1686
711356.375 1686
429693.4375 1686
388032.1875 1686
474442.84375 1692
8842184 1692
1218272.25 1692
248805.671875 1692
245376.578125 1692
589353.875 1698
11323036 1698
5692879 1698
258838.28125 1698
419254.15625 1698
579337.5625 1704
566093.4375 1704
525694 1704
356208.40625 1704
489205.09375 1704
628296.0625 1710
7467972.5 1710
518459.0625 1710
274068.84375 1710
289145.5625 1710
488425.59375 1716
1178953.5 1716
482930.4375 1716
288163.1875 1716
427375.21875 1716
361853.90625 1722
2266269 1722
434585.71875 1722
351737.75 1722
726751.375 1722
729585.0625 1728
10789564 1728
1103175 1728
588255.6875 1728
275450.21875 1728
540260.9375 1734
621946 1734
536903.1875 1734
356689.71875 1734
345545.3125 1734
494868.59375 1740
1542799.625 1740
1013881.3125 1740
443748.78125 1740
250593.296875 1740
361962.71875 1746
8086292 1746
1387833.875 1746
1157402.5 1746
856982.0625 1746
607734.8125 1752
2075484.125 1752
1750096.75 1752
773502.1875 1752
447994.59375 1752
496066 1758
14074221 1758
3522580 1758
2261613.75 1758
475240.4375 1758
376203.03125 1764
1920408.25 1764
1876873 1764
1655406.125 1764
182056.78125 1764
522488.96875 1770
1379943.625 1770
1007042.375 1770
441744.34375 1770
299733.8125 1770
685011.75 1776
2184217.25 1776
1934263.375 1776
1183521.75 1776
547577.8125 1776
726198.6875 1782
720421.5625 1782
690186.875 1782
591362.125 1782
471063 1782
588442.1875 1788
1371331.75 1788
584125.4375 1788
431727.90625 1788
372007.46875 1788
826402.5625 1794
1153539.625 1794
899356.4375 1794
484576.15625 1794
524666.4375 1794
951359.75 1800
1020741.9375 1800
870150.25 1800
869394.5 1800
632546.375 1800
588798.125 1806
4466380 1806
2089746.625 1806
1346787 1806
1906599.25 1806
532709.375 1812
2356801.25 1812
781613.9375 1812
526724.75 1812
220776 1812
424945.8125 1818
1491321.5 1818
1002117.6875 1818
347959.59375 1818
435843.71875 1818
337283.6875 1824
788106.5625 1824
631662 1824
283883.28125 1824
288758.5625 1824
376967.59375 1830
598903.8125 1830
467375.25 1830
295689.40625 1830
195538.703125 1830
559502.0625 1836
1026842.625 1836
989221.3125 1836
369956.40625 1836
335086.375 1836
504204.625 1842
835888.75 1842
807481.25 1842
433741.375 1842
734960.875 1842
642425.3125 1848
584285.5625 1848
562708.5625 1848
262093.328125 1848
336750.8125 1848
579135.375 1854
1222923.375 1854
891507 1854
469958.78125 1854
410534.375 1854
589856.6875 1860
2140310 1860
684881.625 1860
462368.5625 1860
357062.90625 1860
603712 1866
1709073.875 1866
860819.625 1866
710631.5 1866
546663.25 1866
540017.75 1872
2190846.75 1872
1176536.5 1872
337580.90625 1872
296224.4375 1872
565807 1878
8471671 1878
1172802.875 1878
498422.8125 1878
946455.5 1878
878317.9375 1884
789888.1875 1884
700238.125 1884
405729.8125 1884
545946.5625 1884
614429.875 1890
3084282.25 1890
545493.5625 1890
325645.34375 1890
276376.15625 1890
651291.625 1896
1055089.125 1896
570561.6875 1896
522292.46875 1896
285816.84375 1896
573594.5 1902
4304013 1902
999768.8125 1902
305116.0625 1902
658630.4375 1902
469377.15625 1908
2071493.75 1908
462819.4375 1908
200787.921875 1908
196742.921875 1908
456946.90625 1914
433378.03125 1914
381117.59375 1914
293543.15625 1914
159115.421875 1914
555096.625 1920
2308111.75 1920
590094.25 1920
455737.53125 1920
282110.25 1920
398279.78125 1926
664529.25 1926
395011.5 1926
356220.09375 1926
378464.53125 1926
564136.6875 1932
1085880.875 1932
545023.875 1932
237253.15625 1932
262347.09375 1932
368301.1875 1938
10071910 1938
2449094.5 1938
890169 1938
1000855.6875 1938
638978.8125 1944
2319958.75 1944
1633628.5 1944
491301.40625 1944
288941.21875 1944
555299.3125 1950
818037.25 1950
660934.5625 1950
390235.28125 1950
526434.0625 1950
543458.1875 1956
516108.90625 1956
505440.03125 1956
401781.125 1956
439997.125 1956
498926.1875 1962
1648350.125 1962
1220918.625 1962
424970.28125 1962
327508.03125 1962
570580.25 1968
3706325.5 1968
2635722.5 1968
530443.3125 1968
483097.84375 1968
739233.75 1974
1805553.125 1974
1213889.625 1974
1185162.125 1974
1030845.8125 1974
836676.4375 1980
806526.0625 1980
601424.375 1980
502254.71875 1980
276104.53125 1980
600690.4375 1986
2538719.75 1986
990959.625 1986
567790.75 1986
752537.0625 1986
569499.375 1992
12710267 1992
1564863 1992
332874.34375 1992
289499.5625 1992
637047.8125 1998
12578679 1998
566614 1998
399561.5625 1998
472464.125 1998
505230.1875 2004
967796.125 2004
868021.6875 2004
756930.0625 2004
377413.375 2004
666119.875 2010
1935205.125 2010
1005166.1875 2010
351236.71875 2010
354655.3125 2010
615224.25 2016
942499.1875 2016
494194.28125 2016
347727.09375 2016
370246.53125 2016
503704.0625 2022
4017696.5 2022
3202019.75 2022
1222625 2022
468432.40625 2022
753135.5625 2028
22443600 2028
1474838.375 2028
1229443.125 2028
511832.53125 2028
631764.75 2034
7350529.5 2034
848611.9375 2034
476811.65625 2034
551262.5 2034
557076.8125 2040
2683310.5 2040
586597.875 2040
390963.15625 2040
288231 2040
544794.5625 2046
1407369.375 2046
1067891 2046
383967.46875 2046
626357.75 2046
546331.4375 2052
2078511.625 2052
578243.3125 2052
540380.0625 2052
357718.46875 2052
783425.1875 2058
14044890 2058
1996199 2058
1153437.125 2058
615157.8125 2058
789116 2064
2510330.25 2064
670708.875 2064
476563.8125 2064
625874.75 2064
637917.25 2070
5269996.5 2070
2035899.5 2070
1533524.125 2070
833405.8125 2070
673483.5625 2076
4459094 2076
1275569.75 2076
533744.4375 2076
253533.578125 2076
539662.9375 2082
2281759 2082
1458335 2082
747612.0625 2082
320550.21875 2082
496125.875 2088
1434236 2088
813076.25 2088
375594.1875 2088
386992.25 2088
2281749.5 2094
668294.75 2094
653060.25 2094
285715.15625 2094
358241.75 2094
602869.6875 2100
1407858.5 2100
1375311.125 2100
512037.1875 2100
551421.875 2100
619209.3125 2106
6427880.5 2106
977960.625 2106
388248.5625 2106
517230.4375 2106
1553491.125 2112
1369692.625 2112
1018889.3125 2112
717661.6875 2112
847607.4375 2112
1171542.25 2118
15778917 2118
1130329.125 2118
3390109.5 2118
996612.625 2118
1405538.125 2124
8617708 2124
1255569 2124
917292.5625 2124
702437.0625 2124
1082842.5 2130
7038124.5 2130
880184.875 2130
441491.09375 2130
614577.4375 2130
1116950.25 2136
4783820 2136
2826765.75 2136
946909.375 2136
635599.3125 2136
869177.6875 2142
2457477.75 2142
2293922.25 2142
774812.25 2142
989648.375 2142
937498.8125 2148
1627218.375 2148
1259061.625 2148
908621.8125 2148
414273.625 2148
457165.78125 2154
33761108 2154
10719302 2154
1288713.125 2154
335697.84375 2154
687513.4375 2160
2510242 2160
1358763 2160
610541 2160
382162.46875 2160
743151.25 2166
6522948 2166
899157 2166
248979.78125 2166
733594.5 2166
1102477.25 2172
2732721.5 2172
1115971.625 2172
533356.3125 2172
908122.5 2172
1402026.75 2178
8418257 2178
1492488 2178
1322002.375 2178
1037785.5 2178
1070088.375 2184
14168955 2184
1480266.125 2184
757724.875 2184
1455665.375 2184
1819176.25 2190
9464322 2190
4640619.5 2190
1413013.75 2190
3799509.5 2190
3328335 2196
2748378.25 2196
2216164 2196
1592034.125 2196
1064791.875 2196
2280178.75 2202
2782492.5 2202
1909875.5 2202
1370023.75 2202
858757.75 2202
1621404 2208
6362916.5 2208
1935955.75 2208
1561721.375 2208
1151988.875 2208
1559262.5 2214
1420177.875 2214
1400957.75 2214
1012888 2214
1387294 2214
1898472 2220
2454832.5 2220
2274839.75 2220
1412700.25 2220
399534.5625 2220
1202385.125 2226
8982854 2226
5806387.5 2226
866421.4375 2226
312282.46875 2226
1045674.6875 2232
2706668 2232
1443328.5 2232
882459.9375 2232
1277116.75 2232
1036210.5 2238
4323679 2238
4004564 2238
1013997.4375 2238
1000887.4375 2238
831823.4375 2244
3344927 2244
1616175.5 2244
681696.3125 2244
234940.40625 2244
864868.5625 2250
49160136 2250
1649228 2250
709426.4375 2250
724530.8125 2250
869890.8125 2256
2259802.75 2256
1703344.5 2256
1524110.75 2256
629100.8125 2256
1076847 2262
13517569 2262
2667832.25 2262
2015860.125 2262
946481.0625 2262
1242985.75 2268
1782270.625 2268
1046238.125 2268
1013813.3125 2268
246460.796875 2268
975824.5 2274
7576731.5 2274
768225.5625 2274
579944.9375 2274
609785.25 2274
819785.125 2280
146352240 2280
2341327 2280
2251083.75 2280
784931.625 2280
857997.1875 2286
1631174.75 2286
989249.5625 2286
700080.1875 2286
592384.375 2286
698000 2292
9995429 2292
5900559 2292
3697569.75 2292
844190.4375 2292
908032.5625 2298
738210.25 2298
686733.875 2298
366094.15625 2298
399811.15625 2298
786037.5 2304
3500425.5 2304
1516165 2304
854083.9375 2304
466335.625 2304
766949.625 2310
42229428 2310
1399996.75 2310
336966.0625 2310
718091.5 2310
804978.875 2316
1585655.875 2316
1214186.875 2316
630657.1875 2316
762984.625 2316
1100566 2322
33298938 2322
30986370 2322
3830472.25 2322
4186790.25 2322
1348062.375 2328
973535.25 2328
879801.4375 2328
854983.75 2328
695581.125 2328
810018.4375 2334
1791914.25 2334
626304.8125 2334
280453.71875 2334
423165.8125 2334
616304.4375 2340
23592210 2340
843963.25 2340
289122.09375 2340
579441.75 2340
773427.125 2346
28536946 2346
1779179.5 2346
1447773.125 2346
662294.4375 2346
1399997.375 2352
27807450 2352
5281914 2352
853226.0625 2352
284132.125 2352
1128357.75 2358
2901853.75 2358
1094523.875 2358
990078.5 2358
829949.5 2358
1393650 2364
2860528 2364
1110330.25 2364
500421.21875 2364
908202.5 2364
1018900.1875 2370
26218966 2370
2485913 2370
863400.5625 2370
805677.6875 2370
758843.25 2376
28967964 2376
1929924.5 2376
1128634 2376
579271.5625 2376
721683.25 2382
24578436 2382
1527093.125 2382
694818 2382
1122845.375 2382
783303.75 2388
3792109.75 2388
3511874.25 2388
2913664.75 2388
398399.9375 2388
1840302.375 2394
2583326 2394
1578650 2394
1149226.75 2394
653894.375 2394
924655.125 2400
18597568 2400
1118398.75 2400
771297.75 2400
853301.875 2400
1112333.5 2406
16531792 2406
9284260 2406
2874039.25 2406
1296815.875 2406
829122.625 2412
24012368 2412
867544.0625 2412
596527.9375 2412
762134.6875 2412
828524.5 2418
3223718.25 2418
3164026.5 2418
1233394.625 2418
575010.375 2418
1089574.25 2424
2800696 2424
1233048.875 2424
1001399.9375 2424
794396.375 2424
792170 2430
13231732 2430
6272750.5 2430
330061.0625 2430
657923.5 2430
1011011.875 2436
3512405.5 2436
1126890.875 2436
996567.1875 2436
931718.875 2436
1326949.375 2442
31625502 2442
973465 2442
614086.625 2442
892263.875 2442
840631.75 2448
9067614 2448
2802316.25 2448
1588398.75 2448
607091.125 2448
807488.1875 2454
2027092.875 2454
1801961.75 2454
1324436.375 2454
661872.375 2454
752481.25 2460
17132452 2460
1089996.625 2460
538358.8125 2460
596202.9375 2460
757859.75 2466
1108861.25 2466
972321.5625 2466
635338 2466
634724.875 2466
866484.4375 2472
45641560 2472
2843443.5 2472
722202.125 2472
1317464.75 2472
913388.5625 2478
3452291.25 2478
2432287.25 2478
2293574 2478
440073.8125 2478
664313.3125 2484
5291592 2484
2025037.125 2484
464140.90625 2484
1042030.0625 2484
929497.875 2490
22909152 2490
1445288.125 2490
608414.25 2490
418846.34375 2490
1028914.6875 2496
10214254 2496
1336243.5 2496
1002147.5 2496
613672.8125 2496
994752.3125 2502
5863053.5 2502
4149677.75 2502
2596462 2502
752282.9375 2502
1015495.5 2508
2244594.25 2508
4108940.25 2508
1185507 2508
752482.5 2508
767423.6875 2514
26704186 2514
5457424 2514
2297395.5 2514
2255708.25 2514
1149473.875 2520
11461018 2520
2211105.5 2520
687318.875 2520
716146.625 2520
755106.875 2526
3701107.5 2526
2247550.5 2526
1841073 2526
729698.75 2526
829117.0625 2532
1808530.875 2532
1358242.625 2532
1672444 2532
665603.1875 2532
1036021.1875 2538
2480702.25 2538
880266.0625 2538
736842.5625 2538
823358.875 2538
657247 2544
5086947.5 2544
2331722.25 2544
1068186.25 2544
480506.53125 2544
872068.5625 2550
3633414.75 2550
2323754 2550
1575283 2550
960915.25 2550
714660.125 2556
3203137.75 2556
886974.5 2556
566443.1875 2556
404423.9375 2556
707675.0625 2562
4312881.5 2562
2342077.5 2562
685464.625 2562
681498.375 2562
665544.8125 2568
1279670.75 2568
1145389.25 2568
556930.4375 2568
283277.875 2568
679224.8125 2574
3385889.5 2574
3297148 2574
2511894.75 2574
386090.625 2574
672855.25 2580
2308712.75 2580
2249883.25 2580
1763787.5 2580
662317.875 2580
669775.75 2586
2444112 2586
665577.75 2586
419894.28125 2586
363479.34375 2586
595814.375 2592
1168131.5 2592
940481 2592
336689.375 2592
497753.6875 2592
577885.4375 2598
1383006.875 2598
1028851.4375 2598
434259.0625 2598
481624.0625 2598
474767.0625 2604
4863331 2604
2025909.125 2604
368959.46875 2604
1379966.25 2604
895021.1875 2610
2458756.25 2610
2251996.25 2610
2051151.25 2610
722790.0625 2610
998381.0625 2616
1366802.875 2616
1024937.75 2616
793466.8125 2616
729463.625 2616
908212.25 2622
2769341.25 2622
1247530.875 2622
515008.5625 2622
578898.125 2622
721599.6875 2628
4653430.5 2628
1642494.5 2628
553187.5 2628
808257.1875 2628
784652.3125 2634
3172018 2634
2466173.5 2634
784435.4375 2634
739887.625 2634
1105768.875 2640
2056779.25 2640
1928000.75 2640
746918.8125 2640
695138.625 2640
699166.8125 2646
931421.1875 2646
639097.875 2646
624126.9375 2646
550506.75 2646
556019.125 2652
878985 2652
568997.0625 2652
506350.21875 2652
468690.3125 2652
459951.625 2658
971088.4375 2658
438046.78125 2658
284774.625 2658
255613.515625 2658
431789.625 2664
2906564 2664
1955407.25 2664
1157856.5 2664
961128.5 2664
586789.625 2670
2189851.5 2670
1873025 2670
1700668.625 2670
572792.5625 2670
450329.34375 2676
1683119.625 2676
1016005.3125 2676
752671.625 2676
449949.46875 2676
517984.875 2682
928847.1875 2682
763061.4375 2682
750126.0625 2682
377075.15625 2682
999745.75 2688
764193.375 2688
497434.34375 2688
432470.96875 2688
321287.4375 2688
704997.125 2694
1094549.125 2694
918550.6875 2694
720168.5625 2694
698431.25 2694
494920.34375 2700
1380985 2700
866551.4375 2700
373487.09375 2700
814362.4375 2700
536851.0625 2706
1566444.25 2706
1325283 2706
777234.9375 2706
601114.6875 2706
637390.125 2712
732710.375 2712
617049.625 2712
573107.6875 2712
595772.75 2712
594165.9375 2718
2587224.75 2718
1234728 2718
442582.78125 2718
347809.46875 2718
641439.5 2724
802104.9375 2724
744038.4375 2724
530776.4375 2724
348771.59375 2724
801330.3125 2730
792090 2730
786259.375 2730
723202.125 2730
625550.75 2730
1006130.25 2736
1725390 2736
1472748 2736
632099.5625 2736
567385.6875 2736
919712.5 2742
17436070 2742
13107790 2742
587195 2742
249485.578125 2742
869789.3125 2748
3641161.75 2748
1341093.875 2748
616537.375 2748
718049.8125 2748
732303.625 2754
41946876 2754
2708671 2754
2168519 2754
567500.4375 2754
1068328.125 2760
15284473 2760
934591.3125 2760
585974.3125 2760
800496.8125 2760
791430.1875 2766
2344712 2766
1720888.75 2766
1475320.625 2766
744689.8125 2766
1756649 2772
8519358 2772
3180528.25 2772
3112962.25 2772
1443360.25 2772
1555819.625 2778
2162818.25 2778
2157649.75 2778
1472675.625 2778
942781.9375 2778
1016892.1875 2784
23219502 2784
909509.5625 2784
906902.9375 2784
842929.125 2784
914408.25 2790
3727464.75 2790
2756157 2790
690203.9375 2790
405750.75 2790
816600.75 2796
5515793 2796
757329 2796
626055.75 2796
572207.875 2796
939224.75 2802
1972371 2802
1565884.125 2802
1514908.75 2802
581471.625 2802
954732.5 2808
1677372.25 2808
1454054.875 2808
1334016.125 2808
863280.75 2808
782478.625 2814
11412200 2814
824274.0625 2814
651852.6875 2814
598455.8125 2814
793013.8125 2820
1545165.375 2820
1257750.25 2820
1240278.375 2820
1013062.625 2820
908429.25 2826
1762842 2826
1703601.75 2826
856643.4375 2826
826601.4375 2826
810520.25 2832
6783736 2832
3931821.5 2832
774020.375 2832
1034550 2832
660334.5 2838
553222.0625 2838
544336.5 2838
513477.84375 2838
421057.46875 2838
410773.0625 2844
13105645 2844
1267545.125 2844
661043 2844
285688.40625 2844
501402.15625 2850
1235653.375 2850
1153570.75 2850
1062297 2850
669175.875 2850
1065135.25 2856
958639.5625 2856
948824 2856
940555.75 2856
842451.75 2856
1172472.625 2862
4561841 2862
1548430.875 2862
1144988.75 2862
1000746.625 2862
1370571.625 2868
30807290 2868
1666416.25 2868
1287814 2868
928683.8125 2868
1270075.875 2874
12113382 2874
7019750.5 2874
1251864.375 2874
1188600.5 2874
926171.625 2880
1198731.75 2880
1185047.5 2880
855752.1875 2880
732465.5625 2880
1204491 2886
2612074.25 2886
2368802.5 2886
1188671.875 2886
426609.34375 2886
986433.3125 2892
8497362 2892
2171122 2892
757643.1875 2892
698391 2892
1672929.625 2898
9037305 2898
1542126.25 2898
1393588.875 2898
1197064 2898
1395388 2904
31014838 2904
4001112.5 2904
1335670 2904
1141498.125 2904
2197143.75 2910
24386788 2910
6804772 2910
905768.6875 2910
883288.1875 2910
1416260.125 2916
3057489.25 2916
1430499.375 2916
1064029 2916
1102749.875 2916
2382056.75 2922
3098862.25 2922
2534587 2922
1850721.875 2922
2198871.25 2922
2159602.5 2928
2179059.5 2928
2133445 2928
2069828.75 2928
1606207.375 2928
1615007.5 2934
26406404 2934
5371294.5 2934
1571877.875 2934
1242079.375 2934
1231479.875 2940
165535744 2940
21598022 2940
3529856 2940
1135623.5 2940
2604792.25 2946
5067229.5 2946
3350732 2946
1452628.375 2946
1338738 2946
3467266 2952
6571371.5 2952
5947104 2952
2453326.25 2952
1394168.375 2952
1861826.375 2958
1791599.5 2958
1744210.25 2958
1331672.75 2958
737705.875 2958
1090501.375 2964
11591325 2964
5685760 2964
666599.3125 2964
704719.9375 2964
925648.8125 2970
38529884 2970
3041491.75 2970
2476298 2970
877172.1875 2970
1059450.375 2976
13185115 2976
5978878 2976
4680577.5 2976
895301.9375 2976
1614050.75 2982
7765906 2982
6105872.5 2982
4749962 2982
4582759.5 2982
2948299.75 2988
11503935 2988
3391445.75 2988
1690448.75 2988
2288616.5 2988
1702575.5 2994
4692809.5 2994
1609640.25 2994
1461835.25 2994
1177542.5 2994
2095368 3000
56376148 3000
38333692 3000
19182502 3000
1540403.25 3000
2408024.5 3006
30545722 3006
8658756 3006
5863958.5 3006
2501709 3006
3010522.25 3012
4450599.5 3012
3013425.75 3012
2469882.75 3012
1524242.625 3012
3257839.75 3018
7584990 3018
4294047 3018
2039944.25 3018
3110609.25 3018
2232762.5 3024
2428910.75 3024
2137525.25 3024
2086310.75 3024
1572855 3024
1543186.25 3030
52046344 3030
1611424.25 3030
1281080 3030
1070504.75 3030
1751010.125 3036
57911176 3036
19902396 3036
9543494 3036
6565608.5 3036
2834235.25 3042
20310478 3042
2057525.625 3042
1475984.875 3042
2026048 3042
1656754.5 3048
9923967 3048
6139945 3048
1606692.75 3048
1265472.5 3048
2135268 3054
2840050.25 3054
2458188.5 3054
1592889.125 3054
1859600.625 3054
1712672.75 3060
17975674 3060
1581880.875 3060
1204678.625 3060
1166724.625 3060
1081749.125 3066
14076747 3066
6556351 3066
2275733.75 3066
950154.375 3066
762742.125 3072
11853988 3072
4726888.5 3072
4581777 3072
3901785 3072
2579535.25 3078
4972830 3078
1338801.75 3078
1262632 3078
361481.8125 3078
570588.625 3084
3036435.75 3084
1469204.625 3084
611699.25 3084
523164.71875 3084
469652.53125 3090
1985497.375 3090
1852949.625 3090
401457.96875 3090
333905 3090
669213.875 3096
1637066.625 3096
985620.375 3096
413379.46875 3096
745241.3125 3096
561606.5625 3102
8679184 3102
2110637 3102
666848.8125 3102
399948.8125 3102
671411.9375 3108
4529555 3108
2937066 3108
2242795.75 3108
1467069.625 3108
1116712 3114
2508825.25 3114
1293568.125 3114
1252999.25 3114
834151.9375 3114
840415.0625 3120
787851.5625 3120
711760.75 3120
422171.71875 3120
503459.65625 3120
596331 3126
1615265.375 3126
1514019.375 3126
403108.4375 3126
423066.6875 3126
568162.875 3132
11199505 3132
2902838.75 3132
1074061.25 3132
312944.1875 3132
955458 3138
18593256 3138
4760862.5 3138
900372.5625 3138
813588.25 3138
1436732.75 3144
3219000 3144
17518398 3144
1376041.375 3144
863938.9375 3144
1684125.875 3150
22628846 3150
2089011.5 3150
1635195.5 3150
1485301.75 3150
1737093 3156
24244686 3156
12320210 3156
1623841.75 3156
1348722.625 3156
1518802.375 3162
10794408 3162
2253389.25 3162
955388.8125 3162
1137461.875 3162
1234829.875 3168
107515392 3168
43369912 3168
5662343.5 3168
2057556.875 3168
1686664 3174
3513987 3174
2413886.5 3174
2319784.5 3174
2039321.625 3174
1400742.5 3180
19893220 3180
10355932 3180
934584.8125 3180
2067172.625 3180
1575111.375 3186
7154860.5 3186
1409074.75 3186
1157053.25 3186
3069625 3186
1380090.25 3192
3635885.75 3192
2213859.5 3192
1468801.625 3192
1118698.375 3192
984042.8125 3198
26491610 3198
2500475.5 3198
1828654.375 3198
1624849.75 3198
938364.6875 3204
10513885 3204
2053252.875 3204
1364323.875 3204
683059.0625 3204
829196.25 3210
12195719 3210
1487228.125 3210
1177258.875 3210
1002824.0625 3210
646977.8125 3216
8205047 3216
3398599.5 3216
2337733 3216
871140.875 3216
661232.875 3222
6328840.5 3222
2420817 3222
2399886.5 3222
4249094 3222
1692816.375 3228
3723403.25 3228
1323963.625 3228
778073.25 3228
685765.1875 3228
625364.9375 3234
887291.0625 3234
547990.4375 3234
522464.21875 3234
462466.46875 3234
571445.25 3240
596638.3125 3240
3685718 3240
545275.5625 3240
277454.46875 3240
709084.875 3246
9049251 3246
2627680 3246
661570.8125 3246
367206.3125 3246
699208 3252
5247294 3252
4525497 3252
2659784.5 3252
1556959.875 3252
998585 3258
3513698 3258
2555441.75 3258
1717350.5 3258
1081230.375 3258
952242.6875 3264
1019558.5625 3264
826747.1875 3264
681177.9375 3264
294803.84375 3264
563352.8125 3270
507414.9375 3270
504341.96875 3270
416125.40625 3270
434622.46875 3270
653261.5 3276
9619177 3276
4665639 3276
2382542.5 3276
1641582.625 3276
778119.6875 3282
5037991 3282
3906245.75 3282
1263407.375 3282
436026.40625 3282
705436.125 3288
3192360.25 3288
2517057.5 3288
2444890.25 3288
2137675.5 3288
1200212.625 3294
5001523.5 3294
2497600.75 3294
793501.5 3294
788326.0625 3294
2114064.75 3300
8054101 3300
1227599.25 3300
1035000.25 3300
951677.75 3300
1060946.875 3306
1470338 3306
930673.25 3306
775243.9375 3306
545619.75 3306
708191 3312
17949486 3312
2453525.5 3312
531741 3312
468080.65625 3312
409250.3125 3318
2997231.25 3318
1497217.25 3318
1282784.375 3318
1037714.25 3318
373887.46875 3324
2691757.25 3324
2452469 3324
713658.125 3324
366513.5625 3324
386465.40625 3330
4378136.5 3330
3089637.75 3330
2566391 3330
1766869.625 3330
1136141 3336
2097222.75 3336
1023288.25 3336
360565.53125 3336
316335.375 3336
482114.90625 3342
4812179 3342
3695295 3342
470525.09375 3342
722969.0625 3342
811412.1875 3348
4807265.5 3348
726622.125 3348
526008.9375 3348
382935.6875 3348
499376 3354
1069220.875 3354
639279.0625 3354
486548.71875 3354
356706.71875 3354
373449.84375 3360
1281926.25 3360
1172881.375 3360
1105431.75 3360
446378.5625 3360
429734.03125 3366
803823.875 3366
589908.5625 3366
292341.125 3366
408568.5 3366
440115.3125 3372
5425745.5 3372
1846514.25 3372
326526.75 3372
226503.9375 3372
399222.84375 3378
4244553 3378
796785.125 3378
577948.9375 3378
376413.8125 3378
396873.53125 3384
1384220.875 3384
833093.8125 3384
385877.40625 3384
291463.8125 3384
280242.5 3390
838029 3390
544121.8125 3390
369492.625 3390
208486.5625 3390
215310.515625 3396
519393.28125 3396
352559.1875 3396
296979.59375 3396
300736.34375 3396
281098.21875 3402
1010282.125 3402
276496.125 3402
139925.78125 3402
172881.46875 3402
275930.46875 3408
583109.5625 3408
368416.40625 3408
184298.96875 3408
204558.03125 3408
256540.03125 3414
1044431.4375 3414
988992.375 3414
826116.25 3414
132058.71875 3414
318222.625 3420
528523.5 3420
525019.25 3420
302877.59375 3420
176734.640625 3420
350958.4375 3426
444469.84375 3426
395368.375 3426
279010 3426
287784.5 3426
451764.71875 3432
1324569.75 3432
950403.875 3432
406476.375 3432
397290.625 3432
689263.25 3438
6151049 3438
491655.1875 3438
426267.0625 3438
304462.46875 3438
440868.5625 3444
1741148.75 3444
1681602.5 3444
1037075.4375 3444
374852.96875 3444
475057.28125 3450
8342804 3450
7400044 3450
3142538.25 3450
905632 3450
553261.3125 3456
1707280.75 3456
1645683.5 3456
1085179.5 3456
440872.03125 3456
565441.25 3462
859620.1875 3462
749328.4375 3462
413569.6875 3462
701073.625 3462
560646.0625 3468
2238555.25 3468
1510801.125 3468
1504367.375 3468
1154182.75 3468
473721.65625 3474
1416921 3474
710560.0625 3474
459898.9375 3474
349071.375 3474
777300.75 3480
3653015.25 3480
1832987.75 3480
1806359.125 3480
1599619.75 3480
737773.9375 3486
8163345.5 3486
1781033 3486
1432828.5 3486
1076404.375 3486
775123.75 3492
841355.5625 3492
679568.3125 3492
452888.0625 3492
628885.8125 3492
620272.875 3498
3692944.75 3498
1007280.4375 3498
469217.0625 3498
589836.1875 3498
542078.1875 3504
1334981 3504
517178.34375 3504
430386.21875 3504
393311.3125 3504
462208.84375 3510
3761972 3510
2622537.25 3510
1031415.1875 3510
341440.71875 3510
529016.9375 3516
6477246 3516
2853828.5 3516
1678087.625 3516
1173859.25 3516
742070.6875 3522
1640696 3522
766507.4375 3522
559547.0625 3522
530657.3125 3522
600298.125 3528
533052.5625 3528
526859.3125 3528
435073.53125 3528
424948.34375 3528
491456.0625 3534
705378.0625 3534
500903.8125 3534
323107.75 3534
313677.1875 3534
326950.46875 3540
1061755.25 3540
896040.4375 3540
256102.953125 3540
466799.84375 3540
330676.625 3546
1875955 3546
554256.5625 3546
280550.53125 3546
250353.71875 3546
437605.75 3552
692747.25 3552
542753.875 3552
532932.75 3552
248772.078125 3552
206456.78125 3558
649614.5 3558
547963.5 3558
176380.8125 3558
221162.453125 3558
164880.4375 3564
539131.5625 3564
432547.875 3564
299888.84375 3564
235494.984375 3564
284016.34375 3570
1162696.375 3570
358790.8125 3570
143297.953125 3570
175432.3125 3570
221817.5 3576
664907.375 3576
534935 3576
371134.71875 3576
390125.125 3576
245960.296875 3582
1290480 3582
899016.125 3582
784167.0625 3582
394506.34375 3582
275370.84375 3588
2047820.5 3588
957861.3125 3588
155057.125 3588
244053.03125 3588
238563.3125 3594
688180.1875 3594
551063.5625 3594
211236.421875 3594
311632.90625 3594
289070.28125 3600
2561084.5 3600
418235.6875 3600
230264.015625 3600
137773.578125 3600
245807.5625 3606
1628760.625 3606
332027.21875 3606
235131.625 3606
242545.65625 3606
225986.8125 3612
1107264.125 3612
753249.5 3612
737986.8125 3612
576051.5 3612
454310.84375 3618
1011547.75 3618
618477.0625 3618
324188.875 3618
372861.21875 3618
241447.453125 3624
230602.96875 3624
223342.015625 3624
193107.265625 3624
133340.796875 3624
232065.375 3630
2508534 3630
944036.6875 3630
441608.1875 3630
356773.625 3630
264996.90625 3636
1232388.875 3636
1177192.625 3636
992958.8125 3636
840372.125 3636
373013.3125 3642
5250623 3642
3284829 3642
1082297.125 3642
285039.40625 3642
509066.6875 3648
609716.4375 3648
454426.4375 3648
259917.96875 3648
424421.5625 3648
369429.75 3654
515237.78125 3654
6777330 3654
252403.21875 3654
223391.71875 3654
569988.1875 3660
2625178.25 3660
928473.9375 3660
485036.3125 3660
332834.1875 3660
656372.75 3666
10149693 3666
887659.5625 3666
574306.9375 3666
601804.125 3666
515671 3672
14540978 3672
1635330.875 3672
299721.96875 3672
123806.8671875 3672
384256.78125 3678
956547.4375 3678
456772.78125 3678
272993.09375 3678
375206.875 3678
412210.53125 3684
11528366 3684
5524347 3684
537012.1875 3684
297199.625 3684
558132.75 3690
6317075 3690
1769238.375 3690
209691.75 3690
259651.421875 3690
354854.25 3696
8525576 3696
800138.1875 3696
562707.1875 3696
322303.40625 3696
322490.71875 3702
12401928 3702
6856528.5 3702
5509894 3702
759014.75 3702
350238.71875 3708
858971.875 3708
483073.9375 3708
323042.875 3708
159589.40625 3708
226892.109375 3714
11318508 3714
1792376 3714
662743.5 3714
202476.015625 3714
239476.46875 3720
5050695.5 3720
279966.9375 3720
226841.75 3720
148713 3720
203568.125 3726
1496771.25 3726
1342876.375 3726
102751.3984375 3726
138823.875 3726
157986.4375 3732
3228605.25 3732
147657.203125 3732
102241.421875 3732
90953.0390625 3732
151792.59375 3738
1574679.5 3738
665391.125 3738
272158.125 3738
116596.2890625 3738
235154.515625 3744
3756590.75 3744
725283.1875 3744
309365.9375 3744
241290.96875 3744
231891.28125 3750
5468380 3750
206214.484375 3750
151591 3750
80524.59375 3750
158310.640625 3756
428556 3756
412773.375 3756
389904.125 3756
405249.71875 3756
236905.21875 3762
327833.875 3762
191454.5 3762
159611.3125 3762
149449.234375 3762
343840.0625 3768
931143.875 3768
277318 3768
243048.453125 3768
110571.2109375 3768
130134.109375 3774
252749.71875 3774
501554.125 3774
109739.0546875 3774
183034.140625 3774
208533.40625 3780
5949048.5 3780
339216.03125 3780
284043.40625 3780
127533.234375 3780
200940.390625 3786
1557382.875 3786
471925.5 3786
159873.421875 3786
196917.265625 3786
158428.96875 3792
1269669 3792
176952.828125 3792
137849.46875 3792
100436.3515625 3792
140267.15625 3798
912406.875 3798
730903.875 3798
256730.46875 3798
139146.5 3798
172520.78125 3804
165043.5625 3804
163245.53125 3804
108250.46875 3804
585558.5625 3804
187483.9375 3810
5438912 3810
341146.8125 3810
141793.671875 3810
130873.671875 3810
164314.4375 3816
1168631.125 3816
1150819.375 3816
483454.5625 3816
150198.96875 3816
201074.21875 3822
1330258.75 3822
842501.8125 3822
692851.75 3822
183453.328125 3822
159336.46875 3828
278229.40625 3828
459844.5625 3828
135450.015625 3828
62146.06640625 3828
186935.0625 3834
184196.078125 3834
154285.65625 3834
102185.8671875 3834
123485.609375 3834
164596.4375 3840
2702397 3840
750204.125 3840
107096.328125 3840
213978 3840
177824.375 3846
1724897.75 3846
940617.3125 3846
290119.84375 3846
216861.859375 3846
204658.40625 3852
1537758.625 3852
299680.125 3852
245157.25 3852
165084.6875 3852
187555.796875 3858
1141886.125 3858
185033.28125 3858
175540.578125 3858
131849.21875 3858
140039.078125 3864
675046.75 3864
530631.125 3864
391801.03125 3864
139678.421875 3864
134926.78125 3870
649670.25 3870
474421.65625 3870
384958.8125 3870
272347.0625 3870
185340.90625 3876
488216.5625 3876
385555.59375 3876
269316.5 3876
167995.046875 3876
145534.0625 3882
390775.21875 3882
228545.421875 3882
112187.9609375 3882
82090.0078125 3882
113664.359375 3888
786167.75 3888
348146.65625 3888
71695.5390625 3888
171973.59375 3888
124386.3359375 3894
333159.59375 3894
112350.5703125 3894
1001203.5625 3894
98295.390625 3894
246278.234375 3900
390770.15625 3900
459879.53125 3900
170498.1875 3900
280439.1875 3900
146045.796875 3906
4939916.5 3906
162827.515625 3906
145936.671875 3906
95885.6796875 3906
138791.546875 3912
904056.0625 3912
396373.90625 3912
358129.78125 3912
318926.5 3912
304466.25 3918
926002.75 3918
144627.640625 3918
93534.2265625 3918
116935.5546875 3918
109094.0234375 3924
897057.3125 3924
379044.21875 3924
85740.4140625 3924
50934.73046875 3924
683541.25 3930
819457.5 3930
431536.65625 3930
350934.4375 3930
247124.390625 3930
132274.875 3936
1721559.75 3936
803962.6875 3936
90209.2109375 3936
90652.5546875 3936
149079.328125 3942
2664190.5 3942
485372.34375 3942
130719.9609375 3942
253370.75 3942
170300.53125 3948
339803 3948
244559.1875 3948
152859.25 3948
106425.28125 3948
107726.3828125 3954
252845.109375 3954
111093.9296875 3954
90103.6796875 3954
76254.5546875 3954
96901.6953125 3960
622323.875 3960
502995.5625 3960
454311.375 3960
256287.640625 3960
88870.7734375 3966
1206283.875 3966
831200.0625 3966
617685.375 3966
248118.0625 3966
119055.40625 3972
2288350.25 3972
1124402.375 3972
787572.25 3972
111525.6875 3972
186712.203125 3978
501645.46875 3978
228790 3978
175471.4375 3978
149976.421875 3978
174012.75 3984
171566.953125 3984
147782.609375 3984
138341.140625 3984
86019.1640625 3984
177898.9375 3990
1294117.375 3990
730278.3125 3990
522479.375 3990
95049.7578125 3990
155873.40625 3996
33597960 3996
576270.1875 3996
147290.8125 3996
100924.890625 3996
143858.25 4002
22616418 4002
591829.125 4002
380187.3125 4002
376476.75 4002
244750.046875 4008
1478193 4008
554895.5625 4008
280022.5625 4008
243821.046875 4008
142813.703125 4014
401663.6875 4014
142476.46875 4014
139331.359375 4014
102899.3828125 4014
177245.28125 4020
1089802.375 4020
717739.6875 4020
152678.421875 4020
65614.2109375 4020
145677.390625 4026
8603289 4026
670631.1875 4026
516211.03125 4026
192270.71875 4026
184365.25 4032
6238279 4032
824684.75 4032
242464.75 4032
139504.578125 4032
188074.375 4038
559387.8125 4038
430384.75 4038
197494.640625 4038
137951.921875 4038
139153.765625 4044
244170.796875 4044
160666.546875 4044
198403.09375 4044
130706.203125 4044
146163.078125 4050
1920347.125 4050
1821152.375 4050
1099773.625 4050
139192.90625 4050
223923.390625 4056
1006495.6875 4056
924754.25 4056
369747.90625 4056
145496.515625 4056
142261.75 4062
1076921.5 4062
175489.46875 4062
95595.40625 4062
44641.73828125 4062
130155.8203125 4068
145797.46875 4068
119591.90625 4068
117282.0703125 4068
98883.1640625 4068
183029.3125 4074
3242113.25 4074
142143.296875 4074
109638.5 4074
59549.58984375 4074
126293.6875 4080
840676.625 4080
126157.7265625 4080
94902.4140625 4080
49871.046875 4080
94533.484375 4086
3036823.25 4086
1755080.5 4086
289787.875 4086
145941.65625 4092
145860.984375 4092
531724.25 4092
409194.0625 4092
54209.71875 4092
99712.546875 4092
116031.0234375 4098
209880.015625 4098
102407.9140625 4098
96479.3203125 4098
35834.84765625 4098
122988.9609375 4104
1968509.25 4104
1035850.3125 4104
630722.9375 4104
48648.8359375 4104
131625.5 4110
1636877 4110
660022.125 4110
236185.15625 4110
113291.3359375 4110
115899.4609375 4116
744117.625 4116
595848.1875 4116
96706.125 4116
94351.6640625 4116
133054.265625 4122
1578876.125 4122
1016288.4375 4122
278251.25 4122
86588.109375 4122
87470.8046875 4128
663060.4375 4128
614388.875 4128
209352.375 4128
91327.6953125 4128
109298.7265625 4134
2466626.25 4134
1608152 4134
507188.125 4134
268873.28125 4134
242752.515625 4140
1033656.6875 4140
460636.53125 4140
377634.4375 4146
169345.671875 4140
227982.234375 4146
634317.25 4146
322890.9375 4146
229375.421875 4146
106452.9296875 4146
176529.875 4152
365330.40625 4152
272364.46875 4152
87154.5546875 4152
99085.125 4152
156214.515625 4158
1936342.625 4158
197425.375 4158
76447.6796875 4158
103993.1171875 4158
132396.546875 4164
1583258.75 4164
813020 4164
218924.40625 4164
41530.54296875 4164
427583.46875 4170
1759812.875 4170
241822.65625 4170
127503.046875 4170
121251.0078125 4170
149414.25 4176
1742621.875 4176
478441.34375 4176
403470.875 4176
450460.09375 4176
243154.34375 4182
197476.671875 4182
151373.3125 4182
141224.5 4182
128976.8984375 4182
150753.3125 4188
885136.25 4188
722148.6875 4188
109793.6328125 4188
138718.390625 4188
151600.78125 4194
1565115 4194
674263.8125 4194
220469.5 4194
130431.828125 4194
116908.4375 4200
1165494.5 4200
679433.25 4200
381513.28125 4200
84081.609375 4200
115656.8203125 4206
1451014 4206
391043.0625 4206
287098.28125 4206
248097.078125 4206
166829.46875 4212
285920.6875 4212
239058.671875 4212
204967.703125 4212
163334.609375 4212
111008.890625 4218
133147.109375 4218
105072.734375 4218
288780.03125 4218
44735.7578125 4218
102575.0546875 4224
1535703.5 4224
618967.375 4224
240289.953125 4224
83520.2421875 4224
109897.3671875 4230
760945.875 4230
192356.640625 4230
105717.9453125 4230
36660.125 4230
73680.859375 4236
314094.125 4236
232702.640625 4236
42216.73046875 4236
57258.921875 4236
73544.125 4242
711079.9375 4242
196594.953125 4242
177811.859375 4242
65412.76171875 4242
86176.7109375 4248
12132371 4248
151518.296875 4248
135439.78125 4248
62438.15625 4248
173817.296875 4254
1241646 4254
303888.34375 4254
143207.28125 4254
87084.171875 4254
84000.7578125 4260
117374.46875 4260
83568.1953125 4260
194816.15625 4260
76682.7109375 4260
118335.7265625 4266
1289371.25 4266
502039.59375 4266
113114.484375 4266
99174.8984375 4266
94000.1015625 4272
333245.34375 4272
202140.3125 4272
81778.8203125 4272
48402.08984375 4272
89665.6640625 4278
11793891 4278
159577.875 4278
117171.640625 4278
86008.1171875 4278
101675.2109375 4284
1828462 4284
789756.1875 4284
313175.46875 4284
37990.6796875 4284
189435.625 4290
1016945.1875 4290
187034.6875 4290
164935.359375 4290
140094.1875 4290
367254.03125 4296
494280.84375 4296
472258.6875 4296
650447.9375 4302
293486.53125 4296
322876.375 4302
1565794.5 4302
262678.6875 4302
339312.90625 4308
291912.125 4308
264898.625 4308
156311792 4308
260970.703125 4308
614721.3125 4314
241466.296875 4308
272169.03125 4314
15987154 4314
231165.578125 4314
209981.734375 4314
260174.296875 4320
190451.09375 4320
1427101.875 4320
502618.4375 4320
173643.421875 4320
471614.84375 4320
229547.484375 4326
715682.1875 4326
407482.625 4326
221029.40625 4326
291256.90625 4326
178581.84375 4332
2481349.5 4332
305308.75 4332
160277.25 4332
96460.9765625 4332
142438.65625 4338
49875588 4338
136046.9375 4338
118511.0234375 4338
100551.6015625 4338
152273 4344
4920453.5 4344
3219405.5 4344
2493407.25 4344
274128 4344
160266.828125 4350
252689.21875 4350
139055.921875 4350
90763.296875 4350
121549.3515625 4350
173076.109375 4356
424090.6875 4356
250437.890625 4356
124377.09375 4356
123261.859375 4356
165407.890625 4362
197902.953125 4362
162174.28125 4362
115937.6953125 4362
91520.2265625 4362
148582.03125 4368
265154 4368
201546.0625 4368
113654.8203125 4368
100907.0859375 4368
147207.375 4374
15783545 4374
626687.125 4374
116729.8671875 4374
43852.9140625 4374
301994.21875 4380
727371.3125 4380
166223.65625 4380
154884.203125 4380
141438.34375 4380
241856.8125 4386
5757130 4386
226507.453125 4386
181762.328125 4386
164459.125 4386
165645.84375 4392
1345597.375 4392
184216.671875 4392
156736.671875 4392
135349.21875 4392
153660.84375 4398
487371.46875 4398
297082.34375 4398
278951.09375 4398
273665.1875 4398
162969.1875 4404
20092538 4404
152682 4404
98191.4921875 4404
145372.625 4404
129884.171875 4410
296495.90625 4410
221093.453125 4410
73981.640625 4410
133065.71875 4410
179145.9375 4416
1886442.375 4416
197700.140625 4416
167452.46875 4416
99569.859375 4416
785921.9375 4422
444787.375 4422
436012.875 4422
264793.28125 4422
343619.78125 4422
191836.859375 4428
320326.5 4428
126290.078125 4428
176235.046875 4428
114668.109375 4428
142939.640625 4434
6930600 4434
268799.375 4434
197570.0625 4434
139735.875 4434
184030.28125 4440
240449.203125 4440
280614.03125 4440
203059.859375 4440
176545.671875 4440
141743.015625 4446
221938.46875 4446
136287.390625 4446
78318.359375 4446
45799.62109375 4446
101486.953125 4452
848393.125 4452
490484.8125 4452
321255.3125 4452
70971.609375 4452
132553.03125 4458
540768 4458
359246.4375 4458
129448.671875 4458
70425.7734375 4458
216271.75 4464
210229.171875 4464
138767.46875 4464
104230.65625 4464
4326923.5 4464
625899.0625 4470
262014.609375 4470
228135.578125 4470
105791.9609375 4470
91858.4765625 4470
134298.515625 4476
308785.9375 4476
1505645.875 4476
125454.1875 4476
191604.109375 4476
164708.5 4482
1356071.375 4482
266762.625 4482
265467.1875 4482
144432.65625 4482
127359 4488
4147351.75 4488
869645.1875 4488
268388.90625 4488
106430.484375 4488
126443.671875 4494
149488.3125 4494
132260.421875 4494
108130.0078125 4494
102590.296875 4494
121955.2578125 4500
3126545.5 4500
973075.25 4500
484715.875 4500
310321.5625 4500
171870.875 4506
376613.21875 4506
309461.96875 4506
300576.90625 4506
109815.6796875 4506
127842.9296875 4512
911491.0625 4512
208231.125 4512
86662.0625 4512
154500.546875 4512
142891.296875 4518
4350034 4518
2425173 4518
1396585.25 4518
369319.6875 4518
143885.046875 4524
1557350 4524
139975.578125 4524
97511.1953125 4524
84545.890625 4524
103149.7421875 4530
7075391.5 4530
165514.8125 4530
93530.1796875 4530
77705.7578125 4530
76565.8828125 4536
1180156.25 4536
261401.71875 4536
241206.703125 4536
68129.125 4536
133064.46875 4542
5531060 4542
1003194.9375 4542
103021.9296875 4542
32393.21875 4542
115727.28125 4548
4709415 4548
695426.875 4548
419549.75 4554
37875.74609375 4548
235395.515625 4554
279234.78125 4554
183211.734375 4554
470049.53125 4560
145861.890625 4554
311362.59375 4560
116912752 4560
194826.390625 4560
142563.53125 4560
160447.921875 4560
201014.53125 4566
25090496 4566
175623.546875 4566
526350.9375 4566
127578.203125 4566
272679.40625 4572
1354059.5 4572
185156.65625 4572
1123330.75 4578
492018.09375 4578
344713.40625 4578
78163776 4578
397603.84375 4578
334843.09375 4578
245974.4375 4578
377740.28125 4584
1657851.75 4584
927561.5625 4584
228397.703125 4584
428884.65625 4590
353610.96875 4590
115520464 4590
308041.1875 4590
210887.15625 4590
233475.125 4590
226813.109375 4596
14677610 4596
1063495.875 4596
132702.65625 4596
164158.40625 4596
249473.390625 4602
970273.375 4602
266051.4375 4602
66427.5703125 4602
247000.515625 4602
223162.59375 4608
45932128 4608
675349.75 4608
254830.625 4614
194214.125 4608
203095.578125 4614
550057.4375 4614
264190.34375 4614
196639.390625 4614
222128.90625 4614
185715.640625 4620
50122132 4620
4700336.5 4620
303117.34375 4620
101888.359375 4620
212893.03125 4626
429282.5 4626
154037.5 4626
40081.546875 4626
125222.1640625 4626
172931.4375 4632
4641355 4632
436541.40625 4632
40149.13671875 4632
216435.578125 4632
328933.03125 4638
20980778 4638
1452601.75 4638
728556.3125 4644
296386.375 4638
318374.375 4644
314299.40625 4644
305928.71875 4644
170021.015625 4644
268207.875 4644
250989.578125 4650
3996130.75 4650
826632.375 4650
499375.65625 4650
192354.359375 4650
273792.9375 4656
78624976 4656
1567762.25 4656
112434.2421875 4656
103771.75 4656
152889.96875 4662
8718975 4662
362864.46875 4662
95978.96875 4662
292794.125 4662
218740.71875 4668
455513.1875 4668
374680.8125 4668
229607.59375 4668
46153.484375 4668
197990.265625 4674
504223.3125 4674
224417.28125 4674
171913.21875 4674
187495.125 4674
135479.109375 4680
9920401 4680
668201.75 4680
623454.25 4680
503919.65625 4680
115155.5859375 4686
20836814 4686
423830.78125 4686
263457.21875 4686
107526.375 4686
147560.84375 4692
3512743.5 4692
280008.6875 4692
126573.4140625 4692
146577.140625 4698
141057.78125 4698
559971.375 4698
133336.546875 4698
113954.265625 4698
34005.36328125 4698
104057.3828125 4704
702383.6875 4704
126695.8828125 4704
68759.6171875 4704
103268.4453125 4704
79493.984375 4710
2718556.5 4710
656078.9375 4710
65292.41796875 4710
68484.3828125 4710
86340.9609375 4716
533042.3125 4716
531971.25 4716
123043.5703125 4716
13946077 4716
1462020 4722
294729.875 4722
126579.8359375 4722
53437.90625 4722
54984.67578125 4722
102224.1953125 4728
819827.75 4728
671628.4375 4728
76992.4140625 4728
155081.453125 4734
91474.53125 4734
357831.09375 4734
176154.84375 4734
72682.2421875 4734
148612.1875 4734
102626.203125 4740
241317.984375 4740
303230.75 4740
166724.328125 4740
57850.0859375 4740
84791.328125 4746
948159.6875 4746
1142830.5 4746
530131.625 4746
82902.78125 4746
89296.5234375 4752
2733058 4752
401305.375 4752
88386.7578125 4752
67907.6640625 4752
82844.5546875 4758
1170291.375 4758
464838.46875 4758
146348.328125 4758
202650.578125 4758
158516.0625 4764
649013.6875 4764
189555.546875 4764
97131.5703125 4764
106148.234375 4764
92453.1796875 4770
220252.6875 4770
144031.890625 4770
20293.673828125 4770
76577.3515625 4770
90284.1015625 4776
881173.8125 4776
720501.75 4776
713536.75 4776
46448.6640625 4776
130990.078125 4782
3647610.75 4782
1151431.875 4782
89089.453125 4782
69976.6328125 4782
84671.765625 4788
206658.34375 4788
84743.9765625 4788
50716.18359375 4788
75443.4296875 4788
135281.21875 4794
985582.9375 4794
652247.125 4794
204741.71875 4794
130375.2890625 4794
103794.359375 4800
250651.34375 4800
242983.046875 4800
94461.2109375 4800
101899.3984375 4800
142256.890625 4806
766319.125 4806
260932.859375 4806
230004.765625 4812
80821.3671875 4806
124002.734375 4812
2601343.25 4812
123848.359375 4812
732095.125 4812
88504.96875 4812
119952.0234375 4818
37511004 4818
1005506.0625 4818
369145.3125 4818
164460.65625 4818
177244.21875 4824
3112772 4824
16337729 4824
549490.0625 4824
147821.5 4824
165239.546875 4830
110092.9296875 4830
109126.4765625 4830
103131.828125 4830
78908.5546875 4830
100950.234375 4836
665809.4375 4836
200621.53125 4836
119371.3828125 4836
97670.0390625 4836
121992.5546875 4842
1149813 4842
267071.03125 4842
44751.95703125 4842
98938.6953125 4842
154199.515625 4848
24490242 4848
418191.8125 4848
206245.3125 4848
107013.6171875 4848
205160.96875 4854
1376360.875 4854
397593.96875 4854
171792.078125 4854
256397.140625 4854
171207.96875 4860
14717888 4860
130488.6328125 4860
117368.1484375 4860
75396.7421875 4860
104942.5078125 4866
783456.8125 4866
212366.0625 4866
86835.171875 4866
75493.0390625 4866
75246.0078125 4872
990549.6875 4872
267402.78125 4872
64278.91796875 4872
163493.203125 4872
135034.875 4878
460960.375 4878
159197.78125 4878
84744.3984375 4878
80219.484375 4878
78931.6484375 4884
315172.21875 4884
278404.9375 4884
54572.45703125 4884
27278.58984375 4884
132702.40625 4890
10780948 4890
116111.8125 4890
56135.421875 4890
47236.046875 4890
71111.578125 4896
557644.0625 4896
192366.84375 4896
460298.1875 4896
56139.2578125 4896
109140.28125 4902
938883.5625 4902
818927.875 4902
93036.203125 4902
45207.5703125 4902
97536.1796875 4908
741247.5 4908
252049.640625 4908
168838.40625 4908
185816.6875 4908
93320.453125 4914
561036.125 4914
167564.828125 4914
96183.578125 4914
68093.3046875 4914
100228.6796875 4920
17002940 4920
149901.15625 4920
69210.09375 4920
53191.1328125 4920
113383.0703125 4926
642045.625 4926
107588.7578125 4926
88374.859375 4926
99690.2265625 4926
4814850.5 4932
921209.125 4932
353539.8125 4932
283936.96875 4932
279083.96875 4932
184100.875 4938
320973.75 4938
109671.3515625 4938
63989.16796875 4938
104386.65625 4938
91399.703125 4944
433106.28125 4944
127816.6640625 4944
50320.0390625 4944
70923.890625 4944
86096.265625 4950
20727714 4950
129261.5703125 4950
19259.44140625 4950
75311.9453125 4950
69974.0078125 4956
489873 4956
123760.640625 4956
142628.9375 4962
27067.650390625 4956
62938.3984375 4962
5077824 4962
1374800.75 4962
139855.28125 4962
52544.23046875 4962
90386.703125 4968
268588.375 4968
206118.484375 4968
180772.34375 4968
144221.953125 4968
87006.203125 4974
646946.625 4974
121723.9765625 4974
63547.44140625 4974
17192.466796875 4974
82877.6953125 4980
18758438 4980
959873.0625 4980
63076.75 4980
172279.578125 4980
135920.671875 4986
226414.0625 4986
155385.171875 4986
132676.375 4986
139114.609375 4986
79575.8671875 4992
5138849 4992
76248.4296875 4992
68084.25 4992
75315.8125 4992
88273.0625 4998
754974.0625 4998
293177.875 4998
192643.0625 4998
80637.2109375 4998
93363.75 5004
15467192 5004
80081.6640625 5004
65257.73046875 5004
69673.953125 5004
78937.625 5010
13840767 5010
154559.25 5010
65490.61328125 5010
80940.5625 5016
66043.9609375 5016
210910.703125 5016
118063.703125 5016
105685.9453125 5016
65846.0625 5016
57410.2421875 5022
11495347 5022
56101.82421875 5022
53232.53515625 5022
87610.265625 5028
62143.7578125 5028
107928.8671875 5028
56387.58203125 5028
19786.865234375 5028
52653.72265625 5028
58799.5390625 5034
5893408 5034
290238.6875 5034
285144.03125 5034
50484.43359375 5034
77479.890625 5040
4966586.5 5040
293693.90625 5040
216519.625 5046
157034.421875 5040
108576.0078125 5046
99088.7578125 5046
94775.546875 5046
89723.4765625 5046
280802.375 5052
168240.296875 5052
7028030.5 5052
146955.25 5052
77473.7109375 5052
22064.927734375 5052
99338.9765625 5058
236271.078125 5058
193553.953125 5058
142966.40625 5058
69380.1328125 5058
90672.1875 5064
206234.921875 5064
66604.421875 5064
28365.783203125 5064
20845.7890625 5064
61940.5703125 5070
2561120 5070
194596.96875 5070
89196.84375 5076
30610.62109375 5070
73737.5546875 5076
951808.8125 5076
401719.375 5076
220074.9375 5076
135955.171875 5082
101862.125 5082
2101812.75 5082
90810.0078125 5082
136494.625 5088
88596.6484375 5082
90316.2890625 5088
282498.1875 5088
90187.9453125 5088
83682.828125 5088
85558.390625 5088
72151.1796875 5094
339093.40625 5094
66092.203125 5094
64641.4921875 5094
47502.41796875 5094
49904.375 5100
1668644.625 5100
85232.2578125 5100
45817.71484375 5100
89983.890625 5106
73482.8125 5106
777072.375 5106
67315.1171875 5106
39571.2890625 5106
22306.828125 5106
128643.6328125 5112
262366.53125 5112
154013.734375 5112
102817.4375 5112
2987911.75 5112
72244.0390625 5118
269260.3125 5118
57442.06640625 5118
39376.171875 5118
51802.3203125 5118
46192.5625 5124
152294.5 5124
662175 5124
155023.1875 5124
178766.296875 5124
76071.6484375 5130
1585741.875 5130
1343092.625 5130
73551.671875 5130
18100.392578125 5130
48641.1015625 5136
3499011.5 5136
97993.9453125 5136
46425.578125 5136
42306.23046875 5136
46255.390625 5142
146247.984375 5142
73271.65625 5142
44722.421875 5142
17256.724609375 5142
47867.86328125 5148
2974183.5 5148
354474.5 5148
138028.375 5148
131892.59375 5148
67999.6328125 5154
55776.68359375 5154
52696.703125 5154
37708.95703125 5154
40507.140625 5160
22465.40234375 5160
516575.875 5160
508939.65625 5160
163119.96875 5160
113834.28125 5160
75627.9453125 5166
2124649.25 5166
48253.4921875 5166
48183.29296875 5166
43513.60546875 5166
44374.5 5172
615996 5172
94692.796875 5172
79927.375 5172
46749.58984375 5178
37325.86328125 5178
3393583.25 5178
118430.265625 5178
73057.3125 5178
14778.3505859375 5178
41966.93359375 5184
229958.65625 5184
61095.1875 5184
36185.1640625 5184
59641.57421875 5190
53029.5234375 5190
1340208.875 5190
1308035.125 5190
242498.0625 5190
127456.7890625 5190
66964.0703125 5196
1112740.75 5196
491727.65625 5196
260632.9375 5196
192688.234375 5196
77725.109375 5202
740381.75 5202
423946.90625 5202
346048.59375 5202
65013.16015625 5202
61854.85546875 5208
4399250 5208
434726.9375 5208
54199.42578125 5208
50245.28125 5208
70528.6796875 5214
1008831.125 5214
84918.265625 5214
55414.328125 5214
69885.1484375 5214
67887.4609375 5220
1248875.75 5220
1158022.875 5220
58197.0703125 5220
62842.703125 5220
63231.125 5226
177263 5226
173108.921875 5226
23088.5390625 5226
48508.71484375 5226
67842.1328125 5232
924368.625 5232
672481.125 5232
447721.9375 5232
50830.42578125 5232
56665.578125 5238
11988044 5238
3919635.5 5238
301042.9375 5238
39492.24609375 5238
59364.48828125 5244
61896.64453125 5244
57209.08984375 5244
20427.619140625 5244
54883.828125 5244
26435.919921875 5250
890870.6875 5250
646135.625 5250
78700.6796875 5250
96473.0625 5250
54864.53125 5256
873003.25 5256
606164.3125 5256
69230.7734375 5256
43057 5256
51169.62109375 5262
676582.25 5262
223466.375 5262
43804.5546875 5262
27798.0390625 5262
44789.01171875 5268
656593.3125 5268
330802.46875 5268
17385.08984375 5268
18485.7421875 5268
28764.775390625 5274
276103.25 5274
82401.6640625 5274
18163.509765625 5274
58147.08203125 5274
70177.2265625 5280
1247649.75 5280
107287.1953125 5280
93583.2421875 5280
200578.0625 5280
87647.734375 5286
1704422.125 5286
1184986.625 5286
547216.25 5286
146889.390625 5286
115517.703125 5292
1750077.375 5292
1600989.75 5292
139316.390625 5292
87722.453125 5292
59566.00390625 5298
263932.96875 5298
517776.5625 5298
80509.546875 5298
50383.76953125 5298
68459.4765625 5304
280776.375 5304
271006.65625 5304
171595.03125 5304
66774.3359375 5304
66548.8359375 5310
1618483.125 5310
74178.1015625 5310
47885.1484375 5310
46333.83984375 5310
46970.5703125 5316
677901.8125 5316
243834.96875 5316
75602.9296875 5316
27301.919921875 5316
79641.3828125 5322
1477797.25 5322
448789.75 5322
61178.875 5322
57914.91015625 5322
57030.2890625 5328
638919.125 5328
437563.21875 5328
347019.875 5328
275838.75 5328
77686.71875 5334
296011.375 5334
236276.578125 5334
22160.740234375 5334
21353.708984375 5334
59350.3125 5340
1137276.25 5340
210941.75 5340
120022.46875 5340
21462.572265625 5340
67189.953125 5346
450191.40625 5346
269714.375 5346
95407.4140625 5346
63875.265625 5346
65772.6171875 5352
364802.625 5352
131589.3125 5352
45765.8671875 5352
19621.1015625 5352
84985.0078125 5358
449667.4375 5358
101772.3515625 5358
39097.0234375 5358
17995.048828125 5358
50086.8125 5364
324993.3125 5364
49001.83203125 5364
45345.3671875 5364
25314.16015625 5364
61153.65625 5370
149981.8125 5370
45920.61328125 5370
157032.375 5370
45265.5078125 5370
73905.4375 5376
174101.859375 5376
162976.40625 5376
25608.25 5376
155525.640625 5376
100377.609375 5382
69547.3515625 5382
64939.40625 5382
62176.88671875 5382
54083.21484375 5382
64219.23828125 5388
134267.609375 5388
70683.6953125 5388
56936.7890625 5388
56352.046875 5388
91004.1953125 5394
304984.375 5394
236915.203125 5394
236706.546875 5394
62448.93359375 5394
64869.40625 5400
174074.078125 5400
122160.234375 5400
24318.302734375 5400
51723.25390625 5400
87314.8359375 5406
81917 5406
75202.4296875 5406
65363.0390625 5406
27880.919921875 5406
91984.734375 5412
544495.875 5412
488833.90625 5412
225358.59375 5412
83129.0234375 5412
93645.6875 5418
80738.828125 5418
502204.6875 5418
18353.25390625 5418
45985.82421875 5418
68614.3203125 5424
287674.625 5424
161479.875 5424
59952.546875 5424
99707.796875 5424
61036.5078125 5430
203573.171875 5430
2893416.75 5430
134822.859375 5430
23052.2578125 5430
67848.6640625 5436
149148.640625 5436
129912.7109375 5436
62617.484375 5436
20438.373046875 5436
73259.078125 5442
274232.3125 5442
100188.53125 5442
60636.91015625 5442
20116.59765625 5442
479476.5625 5448
317515.25 5448
250037.578125 5448
227447.84375 5448
149181.359375 5448
107470.5390625 5454
517029.375 5454
220014.390625 5454
21677.162109375 5454
15982.9443359375 5454
82726.4765625 5460
183923.796875 5460
79433.1171875 5460
73635.2421875 5460
27190.888671875 5460
65206.3828125 5466
129927.03125 5466
64372.04296875 5466
82165.9765625 5472
77786.078125 5472
52303.33984375 5472
149355.8125 5472
549564.75 5472
34495.140625 5472
29097.64453125 5472
145440.453125 5478
367333 5478
171106.640625 5478
115485.1875 5478
159512.75 5478
135839.96875 5484
507919.78125 5484
140914.109375 5484
88716.7890625 5484
132752.953125 5484
1317258.25 5490
382905.375 5490
165986.53125 5490
83275.7109375 5490
1198123 5490
134621.5 5496
784334.3125 5496
577103.9375 5496
162734.0625 5496
90811.6015625 5496
86564.171875 5502
979162.5 5502
472050.0625 5502
471472.5 5502
62601.9609375 5502
118881.9765625 5508
384404.6875 5508
275009.71875 5508
214498.625 5508
91012.3359375 5508
98315.4921875 5514
479448.5 5514
238112.96875 5514
132885.921875 5514
83326.6015625 5514
101909.25 5520
968011.75 5520
238054.65625 5520
199093.125 5520
81636.8203125 5520
112357.3984375 5526
1070355.875 5526
284504.65625 5526
252153.75 5526
93540.078125 5526
853805.125 5532
799237.625 5532
284480.21875 5532
85307.5 5532
128827.2578125 5532
125862.078125 5538
414872.21875 5538
376479.125 5538
84450.1484375 5538
125528.2109375 5538
264936.28125 5544
463641.3125 5544
213352.34375 5544
183408.59375 5544
199222.609375 5544
193343.390625 5550
811575.625 5550
211706.90625 5550
138917.140625 5550
132026.15625 5550
170284.3125 5556
1283661.125 5556
875193.375 5556
553603.5 5556
137126.203125 5556
176409.296875 5562
770167.75 5562
685279.5 5562
173400.546875 5562
165971.421875 5562
164106.671875 5568
464776.875 5568
157975.78125 5568
143997.0625 5568
124940.4375 5568
157337.484375 5574
438925.78125 5574
254375.5625 5574
204491.90625 5574
125065.7890625 5574
130139.8984375 5580
1100424.125 5580
264557.5625 5580
200757.46875 5580
103566.9296875 5580
233995.90625 5586
1313511.75 5586
216808.65625 5586
137837.140625 5586
135197.828125 5586
259507.8125 5592
929372.5 5592
862519.25 5592
749434 5592
184670.265625 5592
252799.796875 5598
722019.5 5598
609306.5625 5598
238806.15625 5598
141889.6875 5598
346714.15625 5604
2253968.25 5604
580888.9375 5604
262306.75 5604
388635.625 5604
259877.765625 5610
1316446.125 5610
1227268.625 5610
616057.75 5610
314937.1875 5610
244527.421875 5616
1278389.125 5616
480618.65625 5616
324230.8125 5616
385473.46875 5616
249953.0625 5622
912857.6875 5622
726042.5 5622
321686.78125 5622
227728.015625 5622
313538.0625 5628
900499.3125 5628
772404.8125 5628
552914.375 5628
164928.34375 5628
256253.390625 5634
1429322.125 5634
1078614.625 5634
208558.78125 5634
236088.484375 5634
183300.203125 5640
1138288 5640
261382.71875 5640
175643.5 5640
31646.89453125 5640
218777.59375 5646
2382227.75 5646
2107325.75 5646
656416.75 5646
159391.28125 5646
290100.875 5652
1779199.75 5652
500012.25 5652
204398.4375 5652
209566.15625 5652
675385.875 5658
6814204.5 5658
888006.25 5658
348885.1875 5658
364755.84375 5658
576777.25 5664
5013438 5664
4146368.5 5664
815994.75 5664
448202.75 5664
492912.6875 5670
2476452.25 5670
732241.875 5670
410968.09375 5670
168222.546875 5670
381722.28125 5676
1731518.125 5676
1021543.8125 5676
321255.53125 5676
526018.4375 5676
370569.625 5682
1612413.25 5682
629480.4375 5682
354860.71875 5682
281153.40625 5682
253648.46875 5688
1950238 5688
1356495.125 5688
1024099.1875 5688
449522.3125 5688
421648.15625 5694
2034458.625 5694
1685967.375 5694
1098271.75 5694
250414.40625 5694
441227.59375 5700
5865879 5700
961517.125 5700
309722 5700
689842.125 5700
478708.46875 5706
1157226.125 5706
731780.75 5706
232759.671875 5706
446697.59375 5706
428518.625 5712
1571382 5712
790613.6875 5712
583663.125 5712
391617.875 5712
505490.8125 5718
2253640.25 5718
684308.3125 5718
368005.21875 5718
496138.375 5718
435709.40625 5724
6797562.5 5724
1581016.125 5724
1028751.75 5724
436593.59375 5724
424032.28125 5730
1183774.625 5730
977422.6875 5730
270887.78125 5730
294937.5625 5730
436819.0625 5736
3697444 5736
876079.875 5736
618208.8125 5736
306097.9375 5736
339321.3125 5742
1957149.75 5742
887183 5742
681156.6875 5742
333135.8125 5742
446040.1875 5748
10100905 5748
900644.375 5748
758787.0625 5748
862053.5 5748
630096.4375 5754
6519634.5 5754
5236048 5754
1497426.625 5754
240301.1875 5754
569461.4375 5760
6057598 5760
4195369 5760
1282948.875 5760
240356.0625 5760
673204.3125 5766
5217949.5 5766
3486071.25 5766
669834.9375 5766
1505164 5766
1074197.75 5772
4624016 5772
1001040.3125 5772
705772.6875 5772
853210.3125 5772
849568.375 5778
3861744 5778
1306011.5 5778
824104.6875 5778
531265.6875 5778
921280.3125 5784
2047139 5784
1814271.5 5784
1476023 5784
635083.5625 5784
621261.4375 5790
40722784 5790
6186281 5790
1390607.75 5790
426172.875 5790
818345.3125 5796
5586788 5796
1691831.25 5796
535737 5796
490546.5 5796
1312349.875 5802
4875524.5 5802
2800219.5 5802
1254318.875 5802
1131409.125 5802
1397864 5808
2147359 5808
1291252.125 5808
685717.8125 5808
645102.875 5808
763777.6875 5814
947912.25 5814
1938588.125 5814
613666.3125 5814
1295643.625 5814
967963.4375 5820
17236988 5820
3267138.25 5820
895561.4375 5820
1045563.6875 5820
1223232.375 5826
7728167.5 5826
4348061.5 5826
3106830.75 5826
3611960.25 5826
1535832 5832
47734028 5832
1537643.5 5832
1395882.25 5832
1073737.375 5832
944119.75 5838
1822514 5838
1141434.375 5838
880859.375 5838
577331.25 5838
616137.5 5844
3530737.25 5844
710319.9375 5844
482881.40625 5844
535391.5625 5844
631519.375 5850
8346757 5850
5162949.5 5850
4225184.5 5850
558875.125 5850
1502945.625 5856
33675432 5856
1954155.875 5856
705940.5 5856
854762.5 5856
1096893.5 5862
1243276.375 5862
986035.3125 5862
672263.625 5862
943183.875 5862
782019.6875 5868
10008918 5868
1348565.875 5868
1244993.25 5868
733316.3125 5868
700275.4375 5874
1994805.125 5874
1925125.25 5874
644607.1875 5874
477246.25 5874
560578 5880
853937.1875 5880
551372.9375 5880
462155.21875 5880
523288.125 5880
728341.25 5886
18629046 5886
3153588.5 5886
2749452.75 5886
2574166 5886
1601128.75 5892
79732264 5892
7546557.5 5892
993416.625 5892
869709.25 5892
1160712.125 5898
16645379 5898
773506.4375 5898
253747.53125 5898
654209.3125 5898
476333.15625 5904
7135139 5904
6631010.5 5904
5774649 5904
81591.3125 5904
1054729.375 5910
3259312.5 5910
782638.625 5910
728754.4375 5910
777792.9375 5910
561490.9375 5916
651991.375 5916
584270 5916
334490.03125 5916
327650.5 5916
1206580 5922
10468439 5922
3272615.25 5922
2203347.25 5922
409188.65625 5922
782916.3125 5928
45329944 5928
5966026 5928
303442.6875 5928
595936.8125 5928
604512.6875 5934
6988542.5 5934
1915430.5 5934
365779.28125 5934
369753.78125 5934
614355 5940
10823076 5940
4764656.5 5940
1591233.5 5940
1192587.125 5940
736193.875 5946
767800.75 5946
688507.3125 5946
626192.875 5946
558972.3125 5946
759113.375 5952
67942664 5952
3426963.25 5952
692061.625 5952
490134.71875 5952
857074.875 5958
18172290 5958
2735453.75 5958
2541815.5 5958
2211214.75 5958
895262.75 5964
4303437 5964
3558385.25 5964
320625 5964
1005406.25 5964
607278.375 5970
42580452 5970
621779.6875 5970
316633 5970
304432.625 5970
611728 5976
1793336.625 5976
1116095.125 5976
524515 5976
358588.84375 5976
687295.25 5982
2371087.75 5982
623319.75 5982
384553.28125 5982
472066.0625 5982
553097.5625 5988
1410635.625 5988
851797 5988
3624744.75 5988
477742.65625 5988
672972.8125 5994
4911685 5994
1079293 5994
395430.3125 5994
343804.6875 5994
667483.625 6000
25435336 6000
4428904 6000
2581610.5 6000
1260103.5 6000
1584693.125 6006
1112981 6006
928738.5 6006
827722.25 6006
13870665 6006
784820.5625 6012
9173707 6012
4557951 6012
683987.4375 6012
584643.8125 6012
759935.0625 6018
22973402 6018
895172.625 6018
385131.71875 6018
130303.171875 6018
968781.8125 6024
7902243 6024
3040941.25 6024
1314686.5 6024
1482498.875 6024
873346.75 6030
2663690 6030
831013.375 6030
467606 6030
620060.8125 6030
562453.375 6036
7618876.5 6036
2870849.25 6036
2801620.5 6036
2051740.25 6036
1161094.5 6042
34776236 6042
14216716 6042
4509032.5 6042
3901193.25 6042
2123101 6048
4240194.5 6048
1772951.25 6048
579794.3125 6048
441130.65625 6048
884784.8125 6054
6570876 6054
2671947.5 6054
703997.25 6054
700063.125 6054
843562.125 6060
29621016 6060
8290043 6060
508539.125 6060
630377.625 6060
400298.75 6066
6257546.5 6066
3662414.25 6066
1078913.75 6066
381484.625 6066
888913.3125 6072
2868632.5 6072
3814276.75 6072
2770767.75 6072
1547841.625 6072
626027.9375 6078
33201956 6078
7394664 6078
2286787.5 6078
2810935.25 6078
903226.5625 6084
44381980 6084
38528108 6084
488005.96875 6084
894587 6084
979579 6090
9016257 6090
923146.125 6090
836813.9375 6090
865527.5625 6090
983521 6096
2664772 6096
2088087.5 6096
1833294.625 6096
556389.0625 6096
925618.8125 6102
4334874.5 6102
4209337 6102
995790.875 6102
1546222.75 6102
725207.4375 6108
5890179 6108
3147081.25 6108
1582235 6108
1093261.75 6108
924664.8125 6114
16833506 6114
10158780 6114
3325753 6114
1160335.75 6114
671306.5625 6120
30870028 6120
3617659 6120
590103.75 6120
606687.9375 6120
605766.9375 6126
1562297.375 6126
1525854.125 6126
515719.65625 6126
282105.9375 6126
429905.375 6132
2868027.25 6132
2168364.25 6132
860512.5 6132
305093.59375 6132
407084.28125 6138
9633910 6138
1669195.625 6138
1038294.4375 6138
711066.5 6138
545753.9375 6144
6264423 6144
1670922 6144
480203.4375 6144
591230.875 6144
504471.09375 6150
51916500 6150
16772292 6150
3087496.75 6150
2192962.25 6150
535721.3125 6156
509828.34375 6156
488708.125 6156
2243269.75 6156
306115.09375 6156
531473.1875 6162
1908488.5 6162
2484235.25 6162
609784.5 6162
367687.75 6162
471086.65625 6168
39364668 6168
2975883.5 6168
136660.453125 6168
652581.75 6168
441390.75 6174
920163.3125 6174
780407.6875 6174
374500.71875 6174
483036.09375 6174
470286 6180
465042.21875 6180
455869.25 6180
397640.90625 6180
250556.765625 6180
972528.3125 6186
3142786.25 6186
455076.59375 6186
390587.78125 6186
1621525.75 6186
447021.03125 6192
2739567 6192
415871.125 6192
348162.09375 6192
360022.71875 6192
324185.28125 6198
18775190 6198
8661953 6198
918207.25 6198
311876.4375 6198
494608.75 6204
1936848.25 6204
1441736.625 6204
818135.625 6204
468501.09375 6204
364317.375 6210
494195.59375 6210
376355.65625 6210
252453.453125 6210
309885.78125 6210
148722.140625 6216
1096004 6216
635653.9375 6216
364449.75 6216
100821.203125 6216
271377.625 6222
2971677 6222
1711607.625 6222
1452780.25 6222
268600.4375 6222
264963.96875 6228
9068281 6228
523505.28125 6228
215872.515625 6228
229120.859375 6228
283446.3125 6234
4123440.75 6234
987950.875 6234
901025.375 6234
471472.625 6234
281274.59375 6240
969121.6875 6240
570063.75 6240
464863.46875 6240
292591.40625 6240
306712.6875 6246
2774869 6246
290359.5 6246
220403.40625 6246
279670.53125 6246
303477.28125 6252
11845230 6252
2788665.75 6252
507119.0625 6258
265348.15625 6252
332617.53125 6258
1616372.375 6258
420825.9375 6258
281491.75 6258
253105.75 6258
217014.265625 6264
5648729 6264
3655852 6264
1184682 6264
304934.6875 6270
269603.75 6270
2693929.25 6270
820979.5625 6270
330285.84375 6270
1031208.9375 6270
457290.0625 6276
4789883.5 6276
1456796.875 6276
474328.90625 6276
95433.046875 6276
260791.578125 6282
6232574 6282
394243.0625 6282
319889.46875 6282
303262.125 6282
229694.53125 6288
6191242 6288
2308981.75 6288
292528.625 6288
321125.46875 6288
346408.96875 6294
1731393.75 6294
1616746.875 6294
284627.65625 6294
438962.34375 6294
133701.546875 6300
1055879.625 6300
428049.25 6300
620424.4375 6300
198891.078125 6300
270220.625 6306
2289335.75 6306
1254805.375 6306
841338.8125 6306
908271.125 6306
300364.9375 6312
3492151.25 6312
510785.09375 6312
246510.859375 6312
229158.359375 6312
249108.75 6318
5756167.5 6318
311865.125 6318
106252.265625 6318
83343.2421875 6318
223190.796875 6324
1293783.125 6324
879420.75 6324
242471.8125 6324
193413.578125 6324
191991.890625 6330
418321.28125 6330
182229.28125 6330
107872.7734375 6330
82923.9921875 6330
169308.3125 6336
1288277.5 6336
946474.9375 6336
464613.46875 6336
315414.4375 6336
279529.5 6342
2172874.5 6342
711293.1875 6342
379507.59375 6342
239973.328125 6348
202787.8125 6348
5840213.5 6348
4582648 6348
254510.21875 6348
331723.40625 6354
260642.96875 6354
978453.75 6354
239154.953125 6354
350438.125 6360
671576.4375 6354
296977.65625 6360
834451.625 6360
474453.125 6360
412060.59375 6360
2985273.5 6360
247179.40625 6366
1067775.625 6366
380669.96875 6366
332093.84375 6366
172766.875 6366
263875.1875 6372
1317290.125 6372
409653.125 6372
322286.34375 6372
208827.671875 6372
279978.71875 6378
5675859 6378
773766.375 6378
352282.15625 6378
71862.4296875 6378
222593.296875 6384
5933749 6384
871464.9375 6384
181439.46875 6384
231600.125 6384
338315.96875 6390
2908201.5 6390
464284.34375 6390
322832.625 6390
439142.53125 6390
1562621 6396
2480248.75 6396
1765469 6396
355661.71875 6396
332876.75 6396
290171.90625 6402
1627829 6402
344807.8125 6402
1560022.75 6402
141147.65625 6402
228198.859375 6408
5969518.5 6408
1044239.1875 6408
412439.78125 6408
244998.453125 6414
208679.046875 6414
6990126.5 6414
940540.125 6414
294330.15625 6414
301358.0625 6420
279672.34375 6420
4385237.5 6420
505354.125 6420
279285.5 6420
355452 6420
299018.25 6426
2786058.75 6426
2377492 6426
275726.6875 6426
276469.28125 6426
219191.78125 6432
2140927.5 6432
602570.6875 6432
438872.875 6432
191181.984375 6432
395392.65625 6438
6586100.5 6438
2077964.75 6438
216817.9375 6438
274888.8125 6438
269704.90625 6444
8791040 6444
866747.6875 6444
488625 6444
235588.875 6450
209272.6875 6450
12963383 6450
1165486.25 6450
455350.59375 6450
399579.75 6450
280039.53125 6456
2196939.75 6456
1801474.375 6456
694704 6462
101380.6015625 6456
240916.0625 6462
734496.25 6462
446786.25 6462
222184.21875 6462
430629.0625 6462
117270.8125 6468
2702255.75 6468
1238055.125 6468
567859.9375 6468
263664.8125 6474
94718.75 6474
7927171 6474
1538017 6474
943819.5 6474
55475.5234375 6474
11454749 6480
8741100 6480
460137.625 6480
219431.6875 6480
86778.9296875 6480
845803 6486
416537.03125 6486
104859.203125 6486
141037.4375 6492
587256.5 6486
581862.8125 6492
2007888.5 6492
260555.5 6492
142418.21875 6498
86462.671875 6498
85240.0625 6498
3279870.5 6498
338289.5 6498
72689.2421875 6498
58897.21484375 6498
97739.03125 6504
90625.234375 6504
88120.59375 6504
579084.625 6504
352396.5625 6510
203046.21875 6510
12913613 6510
9532583 6510
1287430.5 6510
754944.75 6510
202232.171875 6516
1359272.125 6516
1138186.625 6516
94277.6171875 6516
54880.66015625 6516
84254.3515625 6522
2305359.5 6522
1163683.125 6522
431343.75 6522
72322.59375 6528
687205.625 6528
3324129.75 6528
456607.6875 6528
468952 6534
1135796.375 6528
98538.9140625 6534
192906.828125 6534
65346.8515625 6534
812378.625 6534
60404.41015625 6540
59168.5859375 6540
12541980 6540
8941732 6540
426032.8125 6540
75558 6546
74962.046875 6546
1366185.125 6546
1138782.5 6546
1126071.5 6546
920243.0625 6546
115235.78125 6552
2668596.75 6552
531705.125 6552
100008.890625 6552
467117.40625 6552
77755.3359375 6558
3562837 6558
1089734.625 6558
684082.375 6558
676173.375 6558
416887.96875 6564
888892.375 6564
410012.09375 6564
388091 6564
95875.2890625 6564
1295508.75 6570
8243985 6570
709423.25 6570
219709.359375 6570
634100.0625 6570
639786.5 6576
10301280 6576
961665.5 6576
838840.375 6576
912082.875 6576
394575.71875 6582
1071530.5 6582
6822193.5 6582
3801682.5 6582
1397376.375 6582
1497972.625 6588
2922802.5 6588
3794548.75 6588
3110483.5 6588
3135042 6588
3336253 6594
3166925 6594
9014373 6594
4431693.5 6594
2600200.25 6594
2042176.625 6600
4218709 6600
1487845.625 6600
1446960.375 6600
1160493.25 6600
1359333.375 6606
15268652 6606
11006797 6606
2028437 6606
1198181.875 6606
21230412 6612
2387816.75 6612
1418282.375 6612
1143598.25 6612
1248882.125 6612
914190.125 6618
6259202 6618
3070777 6618
29960568 6618
7308704.5 6618
1644590.375 6624
3552394.25 6624
3171591.5 6624
2725377.25 6624
1629615.25 6624
1774673.75 6630
7643398 6630
2986744.25 6630
1196972.25 6630
1079334.125 6630
1367178.125 6636
1267118 6636
1228058.5 6636
596922.125 6636
912271.6875 6636
705793.125 6642
9684216 6642
2341333 6642
672924.625 6642
570119.5 6642
624831.6875 6648
618865.75 6648
603624.9375 6648
363631.28125 6648
558736.5 6648
16402839 6654
31284148 6654
479328.84375 6654
263196.40625 6654
432664.75 6654
486750.09375 6660
7985512.5 6660
1971002.5 6660
1900840.875 6660
1879707.75 6660
404539.15625 6666
1975003.625 6666
1228941.875 6666
1032071.25 6666
538421 6666
407872.59375 6672
1162800.375 6672
657012.125 6672
630837.75 6672
373345.9375 6672
301784.875 6678
1165321.375 6678
1061493 6678
696761.1875 6678
556856.125 6678
294506.21875 6684
34466752 6684
19557150 6684
458516.8125 6684
424362.96875 6684
274004.375 6690
6029212.5 6690
1097382.25 6690
264896.4375 6690
533221.1875 6690
372823.84375 6696
2024598.125 6696
1760531 6696
1643997 6696
1328865.375 6696
649597.3125 6702
2810354.25 6702
757228.9375 6702
304633.28125 6702
705453.9375 6702
321691 6708
1428357.625 6708
1403334.125 6708
238902.28125 6708
267067.84375 6708
273768.28125 6714
28976844 6714
16653122 6714
888039.1875 6714
430911.40625 6714
378597.90625 6720
5586852 6720
1078548.25 6720
392450.40625 6720
283674.65625 6720
319658.21875 6726
2124925.5 6726
1490010.5 6726
1056913.25 6726
432118.1875 6726
448940.8125 6732
1846794.875 6732
763320.4375 6732
83927.1015625 6732
312424.1875 6732
169007.921875 6738
1372459.25 6738
1038659 6738
249500.265625 6738
384799.59375 6738
217014.953125 6744
18643300 6744
10679951 6744
344226.28125 6744
204655.265625 6744
198076.875 6750
774366.5625 6750
762016.5 6750
427792.5 6750
161872.421875 6750
175041.453125 6756
2229562 6756
1584620.75 6756
614722.6875 6756
496324.5625 6756
255398.953125 6762
1267605.875 6762
842150.125 6762
174249.484375 6762
302467.4375 6762
189872.484375 6768
934683 6768
865144.4375 6768
37043.61328125 6768
181465.0625 6768
1803431.125 6774
14172961 6774
8022317.5 6774
2592250.25 6774
473817.46875 6774
231144.609375 6780
589885.3125 6780
589017.875 6780
525491.625 6780
152361.390625 6780
120261.328125 6786
263110.65625 6786
3047779.75 6786
872049.875 6786
776531.125 6786
146310.109375 6792
568380.9375 6792
234587.34375 6792
144225.203125 6792
122001.1328125 6792
93952.640625 6798
568115.5625 6798
469088.40625 6798
233642.296875 6798
177098.390625 6798
98675.234375 6804
85508.953125 6804
73902.7890625 6804
61967.0859375 6804
27214.46484375 6804
45079.46484375 6810
272682.15625 6810
204074.6875 6810
96580.9609375 6810
44433.92578125 6810
33740.421875 6816
1314698.5 6816
111365.8671875 6816
16477.31640625 6816
60356.58984375 6816
38989.45703125 6822
247987.890625 6822
216005.15625 6822
98319.2421875 6822
36506.8828125 6822
23803.79296875 6828
141776.96875 6828
79648.9453125 6828
66825.703125 6828
73090.109375 6828
47415.734375 6834
108484.6328125 6834
63201.546875 6834
18586.50390625 6834
132117.71875 6840
35372.44921875 6840
36804.40234375 6840
30029.08984375 6840
65512.6640625 6844
41332.39453125 6844
124238.6171875 6844
47457.48046875 6847
60556.84375 6847
40437.34375 6850
23767.669921875 6850
57503.91015625 6853
52093.55078125 6856
30077.224609375 6856
84504.3671875 6863
30618.322265625 6869
87995.2109375 6876
22056.859375 6883
54742.82421875 6889
469763.46875 6907
